Date,LST_Day_1km_Dhaka,LST_Night_1km_Dhaka,LST_Day_1km_Rajshahi,LST_Night_1km_Rajshahi,LST_Day_1km_Chattogram,LST_Night_1km_Chattogram,LST_Day_1km_Sylhet,LST_Night_1km_Sylhet,LST_Day_1km_Khulna,LST_Night_1km_Khulna,LST_Day_1km_Barishal,LST_Night_1km_Barishal,LST_Day_1km_Rangpur,LST_Night_1km_Rangpur,LST_Day_1km_Mymensingh,LST_Night_1km_Mymensingh,LST_Day_1km_Bagerhat,LST_Night_1km_Bagerhat,LST_Day_1km_Bandarban,LST_Night_1km_Bandarban,LST_Day_1km_Barguna,LST_Night_1km_Barguna,LST_Day_1km_Bhola,LST_Night_1km_Bhola,LST_Day_1km_Bogura,LST_Night_1km_Bogura,LST_Day_1km_Brahmanbaria,LST_Night_1km_Brahmanbaria,LST_Day_1km_Chapainababganj,LST_Night_1km_Chapainababganj,LST_Day_1km_Chuadanga,LST_Night_1km_Chuadanga,LST_Day_1km_Cumilla,LST_Night_1km_Cumilla,LST_Day_1km_Dinajpur,LST_Night_1km_Dinajpur,LST_Day_1km_Faridpur,LST_Night_1km_Faridpur,LST_Day_1km_Gazipur,LST_Night_1km_Gazipur,LST_Day_1km_Gopalganj,LST_Night_1km_Gopalganj,LST_Day_1km_Habiganj,LST_Night_1km_Habiganj,LST_Day_1km_Jamalpur,LST_Night_1km_Jamalpur,LST_Day_1km_Jashore,LST_Night_1km_Jashore,LST_Day_1km_Jhalokati,LST_Night_1km_Jhalokati,LST_Day_1km_Jhenaidah,LST_Night_1km_Jhenaidah,LST_Day_1km_Khagrachhari,LST_Night_1km_Khagrachhari,LST_Day_1km_Kishoreganj,LST_Night_1km_Kishoreganj,LST_Day_1km_Kurigram,LST_Night_1km_Kurigram,LST_Day_1km_Kushtia,LST_Night_1km_Kushtia,LST_Day_1km_Lakshmipur,LST_Night_1km_Lakshmipur,LST_Day_1km_Lalmonirhat,LST_Night_1km_Lalmonirhat,LST_Day_1km_Madaripur,LST_Night_1km_Madaripur,LST_Day_1km_Magura,LST_Night_1km_Magura,LST_Day_1km_Manikganj,LST_Night_1km_Manikganj,LST_Day_1km_Meherpur,LST_Night_1km_Meherpur,LST_Day_1km_Moulvibazar,LST_Night_1km_Moulvibazar,LST_Day_1km_Munshiganj,LST_Night_1km_Munshiganj,LST_Day_1km_Naogaon,LST_Night_1km_Naogaon,LST_Day_1km_Narail,LST_Night_1km_Narail,LST_Day_1km_Narayanganj,LST_Night_1km_Narayanganj,LST_Day_1km_Narsingdi,LST_Night_1km_Narsingdi,LST_Day_1km_Natore,LST_Night_1km_Natore,LST_Day_1km_Netrakona,LST_Night_1km_Netrakona,LST_Day_1km_Nilphamari,LST_Night_1km_Nilphamari,LST_Day_1km_Noakhali,LST_Night_1km_Noakhali,LST_Day_1km_Pabna,LST_Night_1km_Pabna,LST_Day_1km_Panchagarh,LST_Night_1km_Panchagarh,LST_Day_1km_Patuakhali,LST_Night_1km_Patuakhali,LST_Day_1km_Pirojpur,LST_Night_1km_Pirojpur,LST_Day_1km_Rajbari,LST_Night_1km_Rajbari,LST_Day_1km_Rangamati,LST_Night_1km_Rangamati,LST_Day_1km_Satkhira,LST_Night_1km_Satkhira,LST_Day_1km_Sherpur,LST_Night_1km_Sherpur,LST_Day_1km_Sirajganj,LST_Night_1km_Sirajganj,LST_Day_1km_Sunamgan,LST_Night_1km_Sunamgan,LST_Day_1km_Tangail,LST_Night_1km_Tangail,LST_Day_1km_Thakurgaon,LST_Night_1km_Thakurgaon
"Jan 1, 2010",22.301,11.921,21.882,11.412,23.55,13.955,24.059,13.991,20.068,14.431,21.034,13.183,22.514,11.008,22.119,12.245,20.163,13.686,23.263,14.869,22.086,13.116,21.254,14.179,22.681,11.292,22.287,12.555,21.303,10.902,21.975,11.372,22.282,12.158,21.223,10.342,22.452,11.636,21.239,12.258,21.239,12.258,22.506,13.195,23.614,11.571,22.065,12.617,21.298,12.464,22.513,11.681,22.338,13.31,21.307,13.43,22.728,11.84,21.945,11.504,20.985,13.411,23.003,11.132,22.257,11.857,22.834,11.773,21.368,11.422,21.704,11.286,22.68,13.538,21.938,11.996,21.144,11.266,22.113,12.54,22.32,12.747,21.985,12.456,22.282,11.639,22.76,13.714,22.236,10.852,21.802,13.396,22.252,11.699,22.398,11.273,22.001,13.422,20.96,13.02,21.958,11.939,21.694,15.032,20.477,14.238,23.568,12.325,22.295,11.302,22.34,15.146,22.158,11.3,20.259,10.946
"Jan 9, 2010",22.981,11.086,22.207,9.838,23.387,13.465,23.294,13.06,20.589,14.794,20.795,13.542,21.639,11.537,23.543,12.099,20.476,14.127,22.941,13.885,21.881,13.888,21.397,14.672,22.391,10.475,24.163,12.101,21.784,9.383,22.187,10.297,23.9,12.112,22.358,10.7,22.427,10.751,22.002,11.28,22.002,11.28,23.246,12.054,23.386,11.185,21.934,11.937,21.672,12.811,22.488,10.651,21.577,12.273,22.311,12.996,22.222,12.376,21.275,9.851,21.854,13.578,22.612,12.234,21.987,12.404,22.953,10.56,22.284,9.923,22.309,9.942,23.358,12.287,21.767,11.743,22.237,9.996,21.843,12.094,23.037,12.473,23.207,11.977,22.31,10.973,23.581,13.475,22.65,11.717,22.774,13.838,22.081,10.744,22.638,11.622,22.126,14.116,21.443,13.462,21.7,10.509,21.067,13.909,21.034,15.043,24.09,12.13,22.326,10.496,22.406,14.627,22.223,10.386,21.501,10.847
"Jan 17, 2010",23.914,14.021,22.006,10.996,26.581,14.605,25.941,15.04,21.952,14.15,22.817,14.123,21.443,12.229,24.733,15.154,21.985,13.439,25.089,15.521,23.768,13.105,23.062,14.423,22.373,12.11,25.119,15.487,21.111,10.24,23.121,11.034,25.05,14.755,21.09,11.147,24.011,12.482,23.919,14.6,23.919,14.6,24.73,15.724,23.366,13.621,23.486,13.196,23.735,13.386,23.831,11.461,25.196,14.105,23.845,16.269,21.642,13.181,22.776,10.947,23.067,14.045,21.22,12.767,23.487,13.587,24.489,11.86,23.471,12.31,22.466,10.535,25.027,15.068,23.041,13.507,20.572,11.525,24.064,13.182,24.3,14.616,24.212,14.844,21.733,12.399,24.886,16.26,20.096,12.055,24.21,13.971,22.917,12.216,19.82,11.606,24.044,13.612,23.272,13.436,23.417,12.042,23.976,15.431,22.295,14.07,24.346,14.612,23.075,12.565,23.964,16.551,23.765,13.519,19.12,10.857
"Jan 25, 2010",25.468,14.089,25.126,12.504,26.375,14.374,25.249,13.661,22.91,15.406,23.991,14.395,24.637,12.831,25.18,14.852,23.031,14.226,25.435,14.504,25.36,13.197,24.524,14.547,25.503,12.874,25.444,15.026,24.978,12.124,24.659,13.117,25.937,14.554,25.51,12.082,25.063,12.376,25.21,14.392,25.21,14.392,24.978,14.775,25.2,14.318,24.728,14.924,24.589,13.556,25.1,13.508,25.003,13.503,24.336,15.894,24.5,13.874,24.769,12.286,24.574,14.302,24.026,13.146,24.601,13.595,25.415,12.945,25.176,12.086,24.7,12.322,24.921,13.91,23.986,12.983,25.476,12.74,24.792,13.729,25.047,14.94,24.639,14.954,24.658,13.24,24.787,15.792,24.245,12.767,25.598,14.279,24.984,12.7,24.397,12.615,25.626,13.545,24.076,13.634,24.74,12.58,23.831,14.481,23.503,15.696,25.238,14.627,25.148,13.187,23.916,15.459,25.138,13.699,24.109,11.669
"Feb 2, 2010",24.915,14.202,24.925,12.773,26.083,13.988,24.76,12.509,23.227,16.047,23.752,14.963,23.054,11.637,23.755,14.713,23.004,15.213,24.969,13.873,25.338,14.134,24.623,15.298,24.252,13.035,24.383,15.145,24.799,12.682,24.706,13.964,24.746,14.709,24.449,11.631,24.961,13.081,24.697,13.79,24.697,13.79,24.56,14.1,23.581,14.193,24.619,15.839,24.044,14.44,25.104,14.283,24.506,12.606,22.964,15.597,23.095,12.93,24.507,12.639,24.406,14.745,22.602,11.654,24.196,14.091,25.199,13.731,24.993,12.706,24.527,13.299,24.584,12.605,23.719,12.888,24.417,12.921,24.727,14.572,24.231,14.694,24.036,14.675,23.871,13.439,23.327,15.504,22.622,11.33,25.292,14.468,24.844,13.105,23.705,11.286,25.768,14.392,23.733,14.645,24.531,13.07,23.077,14.006,23.843,16.519,23.046,14.448,24.421,13.808,22.815,14.351,24.399,13.87,23.747,11.011
"Feb 10, 2010",26.469,17.978,26.488,17.194,26.608,17.604,26.913,15.867,23.949,19.193,25.068,17.996,25.766,16.028,25.673,18.313,24.345,18.567,27.028,17.612,28.611,18.032,26.298,18.246,24.859,17.554,25.262,18.393,26.595,16.475,25.254,17.93,24.491,18.113,26.89,15.7,26.657,17.034,26.609,17.822,26.609,17.822,27.266,17.438,26.1,17.576,25.008,19.504,25.518,18.063,24.709,18.437,24.84,16.5,24.895,18.52,25.969,16.157,23.921,17.126,25,18.051,24.818,15.335,25.287,17.429,26.32,18.135,26.116,17.242,24.93,17.523,27.395,16.124,24.651,16.631,26.481,17.215,25.515,17.823,25.459,18.47,25.644,18.409,24.857,17.636,25.089,18.254,24.86,15.354,26.272,17.472,24.671,17.539,27.375,14.404,28.18,17.816,25.401,17.972,24.019,17.163,23.519,17.401,24.728,19.941,25.896,17.846,25.204,18.212,25.22,17.239,25.278,18.086,26.494,14.102
"Feb 18, 2010",26.652,15.972,26.691,15.778,26.074,17.003,25.877,14.705,24.041,18.979,24.374,17.449,25.595,15.045,24.965,17.301,23.616,18.213,26.839,16.595,24.816,17.17,24.511,18,25.811,16.704,25.494,17.468,27.396,15.17,25.709,17.107,26.124,17.546,26.507,15.098,27.083,15.217,26.245,16.057,26.245,16.057,26.533,16.334,25.346,16.564,26.676,19.089,24.748,16.965,26.41,17.324,26.386,15.779,24.02,17.03,25.849,14.755,25.664,15.435,24.8,17.2,25.521,14.201,25.346,16.145,27.938,16.582,25.915,15.745,25.318,16.362,27.119,14.984,25.828,14.766,26.542,16.416,26.745,16.769,26.271,16.322,25.574,17.227,25.228,15.982,24.264,17.517,25.47,14.756,25.41,17.101,25.794,15.38,26.916,13.888,26.053,17.186,24.174,17.576,26.75,14.892,24.328,16.39,24.242,20.149,24.766,16.688,25.54,16.302,23.713,16.166,25.648,16.2,26.68,13.554
"Feb 26, 2010",28.908,20.98,30.37,19.825,29.172,20.994,28.412,18.598,28.181,22.633,28.119,21.97,27.715,19.39,28.258,20.76,28.014,22.256,30.335,19.477,30.245,22.074,28.165,22.58,28.451,20.885,27.357,21.39,31.014,19.134,30.579,20.259,27.609,22.07,28.256,19.703,30.796,20.197,29.203,20.432,29.203,20.432,28.5,20.583,28.379,20.019,30.351,21.707,29.729,21.997,31.263,20.206,27.603,19.431,26.422,20.768,27.713,18.902,30.622,19.422,28.092,21.951,27.509,18.726,29.649,21.484,31.766,20.177,28.921,20.584,30.035,20.067,29.562,19.754,28.187,20.766,29.077,20.367,30.842,21.295,27.838,21.423,27.723,21.044,29.136,19.815,26.472,20.544,27.232,19.271,28.606,21.765,30.601,19.776,28.811,18.367,30.116,22.188,28.775,21.908,30.948,19.367,27.582,19.801,28.875,22.984,27.562,19.97,28.841,20.637,25.747,19.371,29.021,20.484,28.327,18.707
"Mar 6, 2010",30.218,19.916,31.084,18.384,33.046,21.13,29.919,18.227,28.752,22.412,29.106,21.528,29.193,17.79,29.247,18.342,28.454,22.299,32.411,20.28,32.28,22.181,28.947,22.842,29.151,19.45,28.561,19.917,31.178,17.413,30.934,19.324,28.662,20.803,28.901,18.128,32.671,19.723,30.635,18.892,30.635,18.892,30.404,18.598,29.74,17.92,29.18,20.92,30.651,21.561,31.412,19.751,31.886,19.323,27.375,18.928,29.73,17.615,31.766,18.082,28.374,21.874,28.618,17.64,31.09,20.492,32.366,20.138,30.467,19.765,31.19,18.811,32.706,17.806,30.792,19.937,29.541,18.531,30.549,20.836,29.448,20.526,28.656,19.711,30.424,17.924,27.792,18.245,28.079,18.152,30.753,21.557,31.955,18.634,29.893,17.231,31.424,22.282,29.594,21.746,32.941,19.377,30.99,20.111,28.972,22.755,28.486,17.921,29.642,18.744,28.05,17.938,29.983,18.367,28.558,17.365
"Mar 14, 2010",31.029,21.638,32.756,21.844,32.019,22.042,29.049,20.544,29.906,23.688,30.345,22.634,29.811,20.678,29.797,21.416,30.28,23.185,32.101,21.373,32.958,22.723,30.22,23.331,29.755,22.004,28.481,22.043,31.739,21.016,32.296,21.299,29.527,21.802,29.509,21.365,34.069,21.903,31.635,21.269,31.635,21.269,29.82,21.345,30.53,20.852,30.557,22.462,31.412,21.867,32.411,21.8,31.036,20.902,27.378,21.62,29.443,19.885,33.934,20.917,29.488,22.361,30.051,19.852,32.3,22.794,33.032,22.252,31.612,21.366,33.199,21.034,31.029,20.64,31.501,21.625,30.246,21.784,32.49,22.614,30.005,21.945,28.823,21.59,32.467,21.287,28.184,20.953,29.442,20.584,30.983,21.544,33.766,21.363,31.729,19.619,32.505,22.717,31.052,22.365,34.699,21.428,30.634,21.581,29.949,24.008,29.215,21.128,30.696,21.144,27.909,20.439,31.056,21.098,30.854,20.179
"Mar 22, 2010",30.589,22.99,33.736,24.051,30.349,22.396,29.459,22.582,29.948,23.06,30.162,22.506,29.158,23.065,29.078,23.213,29.26,23.215,31.785,21.198,30.847,23.681,29.972,23.421,29.529,24.137,28.483,22.469,33.574,23.655,32.841,23.542,29.456,22.867,29.029,22.506,32.976,22.948,30.654,23.143,30.654,23.143,30.182,22.185,29.683,23.458,31.379,22.71,30.811,22.739,32.652,23.087,30.473,21.574,27.158,21.763,28.225,22.426,33.913,23.611,28.921,22.728,28.857,21.927,31.514,22.115,33.26,23.298,30.522,23.02,33.672,24.366,31.369,22.512,31.063,22.51,30.868,23.578,31.971,22.839,30.012,22.677,28.932,22.706,32.914,24.062,27.336,22.447,28.596,21.523,30.121,22.641,33.409,24.061,29.941,21.23,31.088,23.425,30.258,22.714,33.692,23.686,30.128,21.503,30.37,23.26,28.616,23.272,30.264,23.751,27.166,22.001,30.766,23.664,29.348,21.751
"Mar 30, 2010",29.713,23.99,35.107,24.21,29.115,23.398,25.288,20.606,28.789,23.995,28.426,23.689,30.568,22.747,28.425,22.712,28.588,23.941,30.62,22.667,30.163,24.439,28.456,24.159,29.564,23.07,27.012,23.486,34.486,23.198,33.54,24.339,27.357,24.116,31.322,22.002,32.42,24.015,29.472,23.98,29.472,23.98,28.96,22.715,28.727,22.328,30.319,24.197,28.676,24.146,32.398,24.126,28.704,22.727,27.117,22.839,28.385,21.809,34.965,24.753,28.389,24.243,30.831,21.935,30.261,24.014,32.076,24.065,29.646,23.779,34.843,24.94,28.339,22.298,29.335,23.947,32.216,23.467,31.293,23.985,28.562,23.924,27.995,23.57,34.132,23.998,26.072,21.973,30.828,22.04,29.471,23.767,33.047,24.336,34.131,21.62,29.958,24.05,28.716,24.242,33.88,24.457,28.041,22.636,29.042,24.181,28.019,22.101,28.957,23.314,25.121,20.676,28.874,23.371,33.438,21.116
"Apr 7, 2010",32.032,24.71,35.538,24.962,30.74,23.769,28.183,24.388,30.6,24.481,30.207,23.965,29.469,23.421,28.981,23.894,30.343,24.143,31.777,22.457,32.183,23.893,29.17,23.961,28.968,24.484,29.2,24.458,35.081,24.984,34.93,25.094,30.159,24.477,29.972,23.709,34.725,24.966,30.565,24.242,30.565,24.242,29.919,23.968,29.34,24.06,31.461,24.632,30.767,24.175,34.119,25.028,30.748,23.356,27.808,23.861,29.041,22.478,36.568,25.169,28.921,23.761,30.11,23.135,32.666,24.181,35.164,25.167,31.672,24.525,35.642,25.117,30.034,24.186,32.056,24.151,31.209,24.732,33.598,25.221,31.548,24.291,29.059,24.095,34.883,24.598,27.98,23.194,30.546,23.077,30.229,24.07,34.935,24.55,31.648,22.701,31.425,24.083,30.906,24.279,35.934,24.945,30.934,23.249,30.843,24.348,28.145,23.865,29.892,24.144,27.107,23.723,29.889,24.294,31.298,23.275
"Apr 15, 2010",27.847,23.483,29.688,24.231,31.998,22.839,26.683,20.67,27.796,23.752,28.657,23.063,25.183,20.86,27.038,21.864,28.408,23.112,29.759,22.065,30.125,22.843,27.974,22.959,26.786,23.528,27.765,23.402,30.339,24.985,30.212,23.843,29.047,23.818,25.101,21.34,29.277,23.773,28.335,23.648,28.335,23.648,27.316,23.056,26.906,21.789,28.811,23.915,28.446,22.657,29.615,23.72,30.041,22.157,26.597,22.847,25.738,19.682,30.117,24.044,28.426,22.757,25.914,21.189,30.261,24.274,29.392,23.485,26.518,22.509,30.675,24.073,26.078,23.726,28.568,23.613,28.72,24.157,29.639,24.105,28.858,23.437,27.605,23.629,29.644,24.183,26.573,19.047,24.864,20.557,31.238,22.684,28.919,23.498,29.168,19.748,30.446,22.915,28.27,22.989,29.447,23.183,29.954,22.35,27.884,23.53,26.223,20.797,26.156,23.368,26.62,19.717,27.15,22.989,25.428,21.419
"Apr 23, 2010",27.813,22.139,30.771,22.7,28.805,22.032,24.235,22.912,29.259,24.163,27.24,23.034,26.359,19.808,24.486,20.594,26.838,23.628,29.859,21.814,29.181,23.456,26.35,23.232,27.271,21.651,25.879,20.436,31.412,22.018,31.652,23.26,29.147,21.497,27.036,20.197,28.604,22.71,26.259,20.852,26.259,20.852,25.398,20.811,26.246,21.038,30.963,23.435,26.271,23.242,30.909,22.892,27.75,20.954,24.754,21.14,25.853,19.606,32.083,22.874,28.975,23.37,27.423,19.528,26.553,22.438,30.423,22.54,26.076,22.073,31.299,22.674,24.663,21.736,27.072,21.833,29.217,21.503,32.302,23.234,28,20.592,25.056,20.444,31.56,22.507,23.01,21.17,26.599,19.44,30.372,22.906,30.79,22.133,28.712,19.87,28.8,23.414,25.736,23.607,30.096,22.767,27.347,21.635,29.431,24.35,28.054,20.708,27.731,22.14,22.815,22.28,28.158,21.526,28.342,20.005
"May 1, 2010",34.207,23.639,33.944,24.302,31.851,24.73,27.987,23.394,31.105,25.817,30.428,25.487,27.395,21.588,30.781,23.568,30.823,25.961,32.354,22.526,33.322,26.145,29.099,25.15,28.333,23.639,32.28,23.959,33.4,24.091,34.732,24.309,34.868,25.155,27.407,22.636,32.873,24.184,33.882,24.121,33.882,24.121,31.247,23.362,28.852,23.217,32.045,25.291,30.48,26,34.047,24.882,29.096,24.076,29.018,24.522,26.43,21.172,36.813,24.41,31.895,25.087,27.004,20.739,31.757,24.442,33.983,24.777,32.183,23.454,36.087,23.883,28.727,22.831,31.937,24.78,31.823,23.95,34.198,25.233,32.576,25.423,32.375,23.953,34.307,23.93,28.191,23.98,26.72,20.096,35.104,24.771,34.481,24.057,27.521,,32.057,25.645,30.707,25.906,33.703,24.622,28.294,23.545,31.099,25.947,30.388,23.449,29.336,23.622,26.906,24.168,30.816,23.566,27.796,21.726
"May 9, 2010",22.974,23.865,30.884,23.643,31.741,23.402,24.074,22.678,28.091,24.632,28.305,24.725,27.428,23.161,25.527,23.987,28.637,24.829,31.964,22.614,31.832,25.209,29.053,24.53,28.687,24.179,23.867,25.123,33.135,24.216,31.69,25.244,28.723,24.843,28.621,24.138,25.844,25.361,25.971,24.383,25.971,24.383,23.325,21.855,27.516,22.449,29.264,25.002,29.205,24.616,30.578,24.704,26.823,22.865,20.971,23.618,25.826,21.764,30.706,24.312,30.325,24.661,27.187,22.898,27.925,25.423,27.941,25.326,25.972,24.491,32.222,24.865,26.048,23.139,25.076,25.266,32.126,24.798,29.408,25.454,23.392,24.763,22.534,24.833,31.16,23.82,23.244,23.804,27.782,23.057,33.73,24.131,29.477,24.634,28.294,22.903,30.887,24.959,29.566,24.799,27.912,25.264,29.492,23.201,28.764,24.499,26.103,23.025,27.083,24.2,21.747,24.295,26.532,24.104,29.311,23.891
"May 17, 2010",32.416,23.33,29.754,23.858,28.83,24.202,26.133,19.56,26.287,23.322,25.428,23.819,25.784,22.094,28.218,22.338,26.298,23.541,31.304,22.766,28.872,24.39,25.439,24.862,27.508,23.117,27.086,23.51,30.219,23.211,32.172,22.446,27.356,23.73,27.78,22.12,27.973,22.933,28.324,23.267,28.324,23.267,26.819,9.572,26.819,22.739,33.76,23.047,25.335,24.133,33.478,22.905,25.445,22.448,24.646,,25.691,22.645,30.747,21.863,25.669,24.411,25.351,22.462,27.77,23.036,31.067,22.956,26.899,22.861,31.046,22.897,26.629,21.256,29.002,22.966,33.458,22.908,32.427,23.731,28.271,17.701,26.739,,33.883,23.364,25.365,22.948,25.811,22.282,27.807,24.674,29.47,22.3,27.384,21.217,27.882,24.516,25.578,23.849,28.62,22.538,26.894,23.65,26.764,23.43,25.754,22.58,27.344,22.536,25.298,19.568,28.169,22.967,27.765,22.097
"May 25, 2010",25.714,16.45,28.204,20.41,24.234,18.928,23.873,22.921,25.364,18.839,24.497,21.055,26.939,22.033,27.219,18.163,25.756,,24.924,17.083,22.189,21.722,24.722,20.386,27.709,20.692,25.138,19.044,28.421,21.203,28.396,,24.413,18.686,28.611,22.404,26.05,16.618,26.247,17.105,26.247,17.105,26.164,20.835,26.182,20.362,28.236,,,22.078,28.483,,24.3,16.839,23.906,17.399,26.901,21.72,26.549,18.319,26.464,,29.241,22.324,26.14,,27.254,,24.391,16.431,28.374,,23.189,21.309,24.439,18.081,28.546,21.562,28.171,,24.958,18.292,25.742,18.085,26.82,20.331,25.326,16.112,29.986,22.549,,21.471,25.61,15.472,30.926,22.77,23.047,21.576,21.399,22.15,25.332,14.989,23.049,18.161,25.777,18.543,26.999,15.206,23.64,16.771,23.925,17.288,26.931,16.709,29.93,21.792
"Jun 2, 2010",25.154,,29.013,24.467,27.723,25.54,3.644,12.731,24.794,23.934,15.359,25.298,25.294,17.86,28.113,25.812,25.154,24.453,26.556,24.194,,25.205,24.072,24.917,25.251,21.973,25.272,26.654,28.801,24.614,26.892,25.514,22.876,25.976,24.895,21.08,24.497,25.407,28.61,25.44,28.61,25.44,24.646,25.995,23.113,,25.539,25.414,,24.411,26.055,25.78,,23.624,24.571,25.761,20.442,20.746,25.599,24.14,24.777,25.614,26.648,21.234,25.785,25.898,22.268,25.024,25.256,,26.568,25.082,,,23.583,,27.864,,27.022,25.247,22.863,25.565,25.546,26.057,26.62,,23.28,25.762,23.583,22.016,24.977,24.792,23.634,,27.711,21.853,23.097,25.058,25.54,24.95,25.371,,26.109,23.648,24.612,23.029,,25.425,22.536,22.045,23.574,,23.856,25.279,25.809,20.436
"Jun 10, 2010",27.847,,35.555,24.841,27.664,,23.509,24.147,28.282,24.193,27.646,,28.793,23.075,30.073,25.304,26.342,26.335,26.495,,26.499,,26.498,,30.472,24.141,27.997,,34.804,25.412,31.666,23.799,28.27,24.403,30.448,24.568,26.546,24.602,28.498,,28.498,,28.757,22.962,28.807,,30.952,23.813,27.228,,30.12,24.412,24.859,,26.759,25.823,26.14,24.215,30.856,24.775,27.442,,28.739,24.482,26.895,,27.814,23.746,28.645,24.689,30.905,,22.856,,27.967,,33.138,24.085,28.153,24.932,28.967,,27.713,,35.529,24.324,25.657,25.557,29.41,24.522,27.954,,31.635,24.581,30.959,24.242,27.523,,28.48,25.57,29.503,24.409,26.238,,29.004,25.002,29.767,,29.436,24.036,23.58,25.044,29.191,25.205,29.551,23.858
"Jun 18, 2010",28.69,18.95,27.358,,23.924,,22.079,,24.669,,24.256,,25.574,25.616,20.606,25.981,26.757,,,,28.426,,24.331,,26.222,25.538,25.138,,25.428,,28.466,,23.398,,26.527,,26.424,25.399,29.845,,29.845,,25.199,,26.309,25.509,28.846,,,,29.358,,27.674,,23.139,,26.824,25.686,24.873,25.369,21.043,,22.546,26.074,22.693,,27.252,,27.989,25.197,25.369,,23.948,,20.628,,27.151,,27.949,,30.16,,29.284,,21.026,,24.156,25.882,22.506,25.675,20.827,,25.155,25.289,26.209,25.845,26.68,,,,26.329,25.545,28.073,,24.743,,24.506,,25.209,25.336,25.149,17.406,26.441,25.361,,
"Jun 26, 2010",26.814,,28.876,25.541,28.526,,28.569,,27.304,,27.997,,27.93,,27.866,,27.888,,28.114,,24.763,,27.729,,25.559,26.083,27.201,,27.212,25.64,29.333,24.964,27.819,,29.685,,27.923,,28.369,,28.369,,26.046,,26.611,,30.189,,28.464,,29.735,,27.24,,25.803,,27.056,,28.273,25.153,28.358,,28.163,,26.47,,27.564,,26.891,,23.512,24.992,27.881,,27.056,,29.082,26.109,29.44,,27.415,,27.745,,29.419,25.509,26.141,20.163,25.348,,27.419,,28.156,25.429,26.651,,27.688,,28.034,,26.851,,26.107,,28.324,,,,27.173,26.106,25.339,,26.683,,,26.141
"Jul 4, 2010",28.317,25.65,28.021,25.591,25.592,24.654,27.754,23.164,27.72,25.857,28.132,26.057,29.815,25.963,30.02,26.174,27.723,25.676,27.342,20.79,27.51,25.692,25.678,25.663,27.3,25.74,27.035,27.172,29.816,25.444,29.337,25.938,29.192,26.56,31.833,25.985,25.825,25.771,28.578,25.98,28.578,25.98,26.664,,27.767,,28.481,25.973,28.116,25.833,30.947,25.624,26.762,22.578,26.347,26.91,27.379,26.369,27.942,26.113,27.147,25.715,27.705,26.453,27.034,26.479,26.271,25.677,25.58,25.768,24.638,,30.107,,28.158,26.382,30.777,,25.174,25.808,28.316,26.62,29.378,,27.176,25.882,30.182,26.056,31.914,26.05,24.251,25.938,27.597,26.155,,26.284,27.595,25.784,27.938,25.775,27.143,25.702,26.656,19.29,28.812,26.063,30.876,,25.657,25.972,25.627,26.07,23.905,25.767,31.548,25.984
"Jul 12, 2010",22.09,,28.484,,,,26.791,,28.487,26.185,,,28.05,,,,27.876,,25.371,,27.614,,,24.07,23.24,,25.371,,29.704,,27.923,25.846,,,,,23.713,,,,,,24.936,,24.439,,24.651,,,,27.531,24.993,,,24.519,,25.872,,28.692,25.943,,,-11.535,,24.641,,28.953,,26.719,,28.302,25.773,25.556,,21.89,,,,23.476,,,,,,,27.309,22.369,,13.222,,,,27.12,25.439,,,28.072,,,,28.918,,28.461,,28.668,25.974,22.836,,22.014,,23.35,,31.61,,30.31,
"Jul 20, 2010",26.325,26.13,26.285,26.157,27.398,,27.976,27.433,24.1,25.599,25.125,26.347,24.61,25.775,24.512,26.878,24.311,25.593,,,24.246,24.064,25.226,,25.709,26.604,26.317,,28.275,25.461,25.565,,27.806,26.178,,26.831,24.454,25.63,26.973,26.06,26.973,26.06,26.69,27.295,26.618,27.352,25.55,25.161,23.589,25.893,26.413,,26.854,,25.524,26.391,27.08,26.99,24.156,25.609,22.824,26.219,22.975,26.788,25.379,26.528,,,23.504,24.097,28.396,25.369,26.832,26.783,24.83,26.594,29.444,26.443,24.984,26.338,27.365,,26.991,,26.547,26.524,26.726,27.451,24.019,26.702,23.5,,14.409,26.427,,26.929,23.891,,24.773,25.638,25.281,,23.91,,25.015,25.513,26.364,26.783,22.644,26.444,28.081,27.941,22.513,25.938,,27.143
"Jul 28, 2010",29.85,,29.304,25.577,29.564,23.15,28.643,,27.747,,27.358,,28.283,,30.611,,27.071,,27.746,,27.272,,27.672,,28.454,,29.187,,27.544,,28.948,,29.628,,29.88,,28.811,,30.197,,30.197,,28.92,,28.077,,28.459,,27.601,,27.676,,28.675,,28.369,,27.085,,29.015,,28.419,,28.037,,28.426,,29.62,,28.726,,30.485,,29.555,,29.003,,29.112,,28.157,,30.235,,30.11,,29.176,25.32,28.287,,28.57,,29.421,23.15,28.999,26.24,,,27.607,,28.026,,29.127,,27.941,,27.835,,30.583,,28.172,26.077,28.075,,28.534,25.353,,
"Aug 5, 2010",29.912,25.57,32.545,25.473,28.271,22.073,28.426,27.552,29.29,24.946,28.074,25.735,30.558,26.359,30.114,26.317,28.974,25.524,27.096,,28.651,25.572,26.246,24.984,28.943,25.94,27.157,26.241,30.005,25.07,32.324,,28.701,25.956,33.07,26.256,29.475,25.305,29.629,25.334,29.629,25.334,27.173,26.893,28.849,25.909,29.019,,28.451,,32.17,,26.877,24.274,26.974,27.146,28.373,26.757,31.572,24.972,27.407,25.714,30.782,26.393,29.014,26.044,32.452,,29.169,,34.441,,27.108,26.564,28.413,25.772,32.196,25.912,29.427,25.223,29.688,26.126,28.5,25.692,31.538,25.535,27.372,27.436,29.921,26.315,27.631,25.371,30.117,25.442,33.076,26.41,27.387,25.828,27.882,25.762,30.656,,26.727,23.708,29.725,,29.941,26.22,28.348,25.955,27.896,27.868,29.179,25.305,33.071,26.576
"Aug 13, 2010",,,27.395,,25.355,,16.973,,28.636,,,,,,,20.035,27.008,,28.507,,,,26.696,,,,23.245,,27.786,,22.221,,,,,,26.457,,,,,,22.088,,,,27.585,,25.891,,25.701,,23.001,,21.601,20.096,,,25.276,,,,28.317,,,,,,,,22.297,,21.629,,,,,,27.785,,,,,,,,,20.814,28.466,,,,,,,,,,,,27.981,,25.682,,29.445,,,,,,22.49,20.407,,,,
"Aug 21, 2010",28.413,,24.78,21.495,28.185,,27.798,,25.201,,25.529,,,23.216,,,25.572,,27.629,,29.791,,27.528,,,20.285,24.345,,25.093,22.102,28.255,,27.887,,,,26.572,,,,,,24.432,,,22.517,25.304,,25.951,,27.743,,27.306,,21.847,,,22.964,26.288,,13.973,,,22.945,,,29.047,,25.997,,29.524,,,,,,25.464,21.944,27.609,,,,,,27.03,,17.861,,,21.901,25.577,,26.092,26.255,,,28.197,,,,25.591,,26.71,,25.886,,,,24.791,,19.293,,25.51,,,
"Aug 29, 2010",24.671,26.67,28.828,,27.374,24.93,26.486,,27.49,26.223,24.808,25.901,29.004,,29.152,27.614,25.027,24.218,27.45,,26.426,25.753,26.474,26.065,27.489,,25.215,27.09,27.469,,31.127,,24.024,26.357,28.39,25.072,23.263,26.433,27.585,25.143,27.585,25.143,25.766,,26.816,24.946,24.424,25.741,27.224,25.996,27.073,,27.922,23.583,22.722,,28.019,,28.048,,24.782,26.078,28.423,20.947,24.293,26.732,,,24.28,26.324,34.91,,26.996,,25.363,26.415,28.42,,20.65,,22.936,26.804,26.176,27.017,27.773,,24.106,25.876,28.11,20.828,25.561,25.852,26.499,,28.732,,26.147,25.991,24.668,26.13,24.312,,26.414,24.655,27.922,26.396,27.315,,24.675,,22.837,25.283,25.33,25.41,28.647,24.971
"Sep 6, 2010",26.927,25.67,27.338,25.736,26.459,,27.163,,23.963,25.857,24.667,26.16,25.346,,25.508,25.521,22.726,25.817,24.986,,26.007,26.263,25.936,25.549,26.335,25.562,24.635,,26.049,25.762,17.55,25.041,23.825,,27.125,25.132,24.981,26.009,22.397,25.205,22.397,25.205,26.628,,26.371,25.789,25.628,25.279,25.633,26.399,23.856,25.017,24.951,,22.728,24.846,25.728,,22.303,25.604,27.172,,27.683,22.89,25.704,26.187,26.157,25.176,25.589,26.33,24.828,25.212,25.327,,24.605,25.867,27.314,25.898,26.564,25.986,22.896,,23.288,,25.924,25.904,24.947,25.55,28.238,22.41,26.275,25.54,26.921,25.981,28.404,,26.547,26.141,26.778,25.747,23.532,25.616,24.76,20.427,24.952,25.864,19.692,25.713,26.164,25.845,24.745,,25.967,25.193,27.965,
"Sep 14, 2010",28.213,,26.712,,28.716,,,,27.234,24.34,25.933,,26.983,,27.028,,26.436,,26.894,,25.295,,25.649,,25.835,,28.044,,27.336,,26.42,25.014,26.068,,27.775,,26.958,,26.976,,26.976,,27.177,,24.794,,26.584,,23.027,,23.885,24.008,27.28,,27.044,,27.184,,25.806,24.217,25.183,,27.317,,25.135,,23.976,,25.941,,,,27.687,,26.326,,27.484,,27.46,,27.222,,27.787,,27.381,,27.414,,27.547,25.408,22.721,25.315,26.94,26.288,27.056,25.494,24.958,,27.221,,25.827,25.995,27.113,,27.392,25.452,19.54,,24.785,24.83,24.078,,26.62,25.899,27.359,25.389
"Sep 22, 2010",28.652,25.699,29.379,25.589,27.644,22.831,26.747,25.755,27.544,26.043,26.912,25.388,27.547,24.985,27.192,25.817,27.333,25.435,26.651,20.303,27.875,25.441,26.834,25.063,27.781,25.631,26.699,26.827,29.842,25.575,29.409,25.029,27.187,25.965,28.424,24.347,27.534,26.292,27.953,25.421,27.953,25.421,26.839,25.823,27.918,25.466,27.617,25.783,26.618,25.559,28.938,25.309,25.265,21.728,26.207,26.676,26.25,25.249,28.381,25.781,26.26,24.804,28.136,25.211,28.608,26.561,28.836,25.56,27.156,26.132,30.124,24.937,26.881,24.967,27.846,25.946,29.065,25.084,27.131,26.42,29.081,26.202,27.848,25.993,28.994,26.225,26.434,26.356,27.717,25.044,25.863,24.818,27.751,26.727,28.432,25.266,27.032,25.629,26.938,25.479,26.833,26.447,26.436,22.235,27.572,26.145,27.383,25.038,27.302,26.304,26.465,26.615,27.513,25.646,28.306,24.409
"Sep 30, 2010",31.343,25.91,31.116,24.68,29.819,25.182,29.134,26.12,28.85,26.174,28.959,26.231,28.825,24.091,29.547,24.55,28.987,25.958,28.913,22.772,29.085,25.752,28.629,25.965,30.015,24.814,29.177,26.843,29.936,24.961,31.69,23.846,29.297,26.137,28.214,24.04,29.925,25.957,30.457,25.193,30.457,25.193,29.2,25.903,30.336,24.79,30.046,25.184,30.205,25.886,30.663,24.347,29.446,23.446,28.838,26.47,28.176,23.345,30.955,24.412,28.887,25.919,28.726,23.76,30.173,26.756,30.815,24.986,29.723,26.028,32.933,23.543,29.316,25.396,29.354,26.144,29.425,25.026,30.185,25.98,30.333,26.299,29.779,25.995,31.225,25.081,28.953,25.286,27.924,23.596,29.402,26.269,30.149,26.036,29.451,23.991,28.756,25.889,29.734,25.853,30.004,25.503,28.904,23.57,29.047,25.961,29.79,24.34,29.992,25.824,28.497,26.075,30.124,25.062,28.513,23.503
"Oct 8, 2010",28.853,24.921,29.478,23.655,29.207,23.079,27.732,24.213,27.641,24.524,28.376,24.229,27.105,19.37,28.142,24.636,27.638,24.418,27.505,22.11,27.758,25.69,25.657,25.052,28.485,23.044,27.944,24.157,28.04,22.949,29.993,23.484,28.418,24.554,27.702,20.441,28.738,24.959,28.352,24.587,28.352,24.587,29.113,23.624,29.586,23.437,28.706,24.217,28.903,24.803,28.946,24.132,29.022,23.544,27.593,25.433,28.449,20.186,29.259,23.859,27.601,24.981,28.019,20.271,28.917,23.886,29.256,24.629,29.101,24.707,30,22.405,27.833,23.475,27.667,24.114,28.249,23.198,28.393,24.351,28.015,24.207,28.392,24.081,29.494,24.058,27.169,25.203,27.963,21.102,27.646,25.567,28.791,25.012,29.429,21.476,26.98,24.949,27.571,24.764,28.793,24.71,28.154,23.374,27.964,24.464,29.815,23.492,28.681,24.695,26.693,25.534,28.241,24.524,28.662,20.813
"Oct 16, 2010",30.907,24.918,29.521,24.154,28.03,23.927,29.718,25.865,28.021,25.107,27.942,24.42,28.729,23.064,29.138,24.326,27.9,24.297,26.893,20.293,27.577,24.458,26.986,24.627,29.18,23.684,29.105,25.87,28.154,23.893,31.909,22.878,28.513,24.612,28.835,22.81,30.407,25.065,29.926,24.977,29.926,24.977,28.881,25.568,30.138,23.982,30.232,24.993,27.611,24.082,30.915,24.129,27.846,22.611,28.264,26.456,28.916,22.966,30.382,24.273,27.272,24.7,28.865,22.77,30.399,24.502,30.883,24.709,30.248,24.526,32.269,23.343,28.733,25.188,29.579,25.057,29.17,23.817,30.034,24.791,30.877,25.392,29.443,25.648,29.998,24.457,29.156,25.285,28.892,22.457,27.075,25.182,30.007,25.131,29.484,22.451,26.751,24.921,27.842,24.227,29.751,24.979,27.049,21.54,28.777,25.6,29.351,23.426,29.738,24.506,28.651,26.295,29.475,24.203,29.368,22.612
"Oct 24, 2010",29.914,23.417,29.162,22.771,27.776,22.578,28.847,23.429,27.843,24.607,28.26,23.375,28.491,22.031,28.589,22.825,27.894,24.332,26.711,21.719,27.721,24.051,27.31,23.59,28.436,22.138,29.512,24.499,29.093,22.412,30.913,22.145,29.192,23.614,28.902,21.61,29.245,23.021,28.912,23.006,28.912,23.006,29.199,23.421,29.086,22.756,29.118,23.007,27.967,23.007,29.642,22.2,27.432,21.501,28.133,24.924,28.329,22.889,29.038,22.256,28.118,23.536,28.711,22.306,29.914,23.724,29.249,22.912,29.503,22.821,30.691,21.662,28.272,22.842,29.054,23.495,28.436,22.417,28.793,24.227,29.557,23.941,28.861,23.43,29.157,22.646,28.933,23.929,28.913,21.978,27.952,23.607,28.903,23.381,29.197,22.023,27.498,24.022,27.984,23.572,28.6,22.72,26.352,22.278,28.135,24.425,28.769,22.327,28.549,23.306,28.168,24.997,28.592,22.808,29.227,21.429
"Nov 1, 2010",29.852,23.08,29.605,21.457,28.529,23.177,29.203,23.134,26.606,23.665,26.988,23.397,28.017,20.386,28.259,21.95,26.387,23.203,27.092,20.961,26.256,23.193,26.491,23.42,28.761,21.139,28.634,23.783,28.059,20.967,30.214,21.182,28.162,23.504,27.914,20.019,29.462,22.557,28.449,22.674,28.449,22.674,28.514,23.041,29.084,21.579,28.603,21.852,26.353,23.009,30.002,21.232,27.862,21.882,27.861,23.53,27.868,20.992,28.89,21.495,27.142,23.422,28.149,20.136,29.262,23.015,29.667,21.982,29.764,22.528,30.112,20.965,28.447,22.669,28.405,23.403,28.295,21.28,28.109,23.005,28.912,23.72,27.788,23.002,29.562,21.395,28.142,22.742,27.807,19.961,28.124,23.808,29.399,22.632,28.366,19.864,26.306,23.46,26.648,22.862,28.995,22.456,26.875,22.658,26.936,23.548,28.735,21.222,29.281,22.154,27.449,24.239,28.873,22.138,28.72,19.598
"Nov 9, 2010",29.965,21.05,29.96,20.344,27.866,20.374,28.095,21.003,27.57,22.796,27.415,21.956,27.895,19.137,27.747,20.233,27.379,22.247,26.271,19.536,27.555,21.76,27.153,22.049,28.377,19.629,28.815,21.595,28.859,20.191,30.965,20.225,28.173,21.215,28.652,18.802,30.26,20.844,28.103,20.765,28.103,20.765,28.311,21.128,28.281,19.95,29.849,21.194,27.18,21.487,30.782,20.151,26.306,18.947,27.842,22.287,27.352,19.763,29.912,20.411,27.269,21.724,28.188,19.053,29.5,21.416,30.714,20.357,30.026,20.637,31.434,20.121,27.588,20.665,28.937,21.581,28.818,19.84,29.425,21.778,29.391,21.621,28.029,21.076,29.95,20.156,28.045,21.266,28.228,18.728,27.474,21.642,29.948,20.752,28.351,19.009,27.552,21.875,27.333,21.717,30.053,20.644,25.796,20.236,28.379,22.753,27.879,19.581,29.091,20.44,27.148,23.014,28.695,19.965,29.121,18.773
"Nov 17, 2010",27.468,18.077,27.374,17.177,26.619,18.525,26.202,18.225,25.409,20.91,25.682,19.797,25.628,16.243,25.059,17.552,25.175,20.433,25.304,17.907,25.741,20.111,26.015,20.361,26.322,17.418,26.261,18.306,26.608,16.685,27.986,17.63,26.331,17.575,25.898,15.975,27.481,18.505,25.456,18.278,25.456,18.278,26.326,18.283,25.672,17.46,26.957,18.794,25.122,19.411,28.342,17.85,24.479,17.42,25.308,19.605,25.666,16.931,27.041,17.906,25.761,19.585,25.977,16.13,27.321,18.887,28.138,18.221,27.531,18.508,28.048,17.118,25.97,17.838,26.897,19.202,26.683,16.688,26.868,19.133,27.564,18.723,25.327,18.19,27.208,17.217,25.449,18.33,25.544,15.426,26.243,19.168,27.28,18.146,25.53,15.728,26.062,20.361,25.288,19.576,28.05,18.629,24.52,18.424,26.105,20.776,25.291,17.376,26.314,17.948,24.76,20.247,26.017,17.492,26.144,15.454
"Nov 25, 2010",26.478,17.417,25.859,16.527,25.895,18.59,26.016,18.402,24.29,20.516,24.056,18.905,25.219,16.117,25.728,16.916,23.971,19.697,24.495,18.09,24.826,18.945,24.778,19.756,25.51,16.288,26.591,18.168,24.854,15.982,26.297,17.187,26.379,17.972,25.453,15.708,26.66,17.281,25.461,17.403,25.461,17.403,26.331,18.219,25.466,16.483,26.036,18.338,23.605,18.282,26.806,17.093,24.454,17.593,25.637,18.761,25.133,16.978,25.717,17.005,24.788,18.829,25.774,16.316,26.546,17.66,26.869,16.859,26.266,17.152,26.109,17.086,25.341,17.945,25.87,18.187,25.076,16.158,25.657,18.106,26.735,18.349,25.863,17.733,26.115,16.289,26.284,18.011,25.379,15.987,25.599,18.815,26.156,16.877,25.278,16.344,24.874,19.24,24.068,18.63,26.443,17.266,23.767,18.691,24.922,20.62,25.83,16.361,25.279,16.826,24.932,20.096,25.458,16.589,25.398,15.648
"Dec 3, 2010",26.912,16.759,25.893,16.019,26.987,18.654,26.07,17.427,23.659,18.311,24.072,17.524,24.735,15.831,26.006,16.069,24.389,17.49,24.935,18.831,24.376,16.664,25.385,18.311,26.092,15.379,26.421,17.636,25.168,15.099,25.687,15.031,26.321,17.262,25.582,15.29,27.049,16.113,25.731,16.653,25.731,16.653,25.764,17.56,25.978,15.701,25.027,15.933,23.34,16.362,27.023,14.994,25.436,17.012,24.854,17.821,23.858,15.97,25.422,15.754,24.237,17.724,24.723,14.817,25.571,16.64,27.799,15.636,26.285,16.242,25.854,15.554,25.949,16.975,25.179,17.287,26.032,15.745,25.814,16.646,26.183,17.633,25.965,17.03,26.423,15.538,26.155,17.087,24.63,15.213,25.743,18.211,25.92,15.992,25.199,14.94,25.056,17.307,24.093,16.657,26.786,16.158,24.224,18.826,24.037,18.409,26.293,16.283,25.468,15.469,24.726,19.085,25.909,15.779,26.18,14.516
"Dec 11, 2010",24.142,14.913,22.589,13.894,23.998,15.597,23.822,15.85,22.766,16.916,23.131,15.565,22.895,12.774,23.996,14.704,22.515,15.815,22.573,15.658,24.075,15.036,23.532,16.59,23.523,13.689,24.055,15.899,23.057,13.053,22.819,14.068,24.367,15.37,23.791,12.149,23.352,14.67,23.641,15.219,23.641,15.219,24.117,15.775,23.243,13.755,23.174,15.462,23.216,14.712,23.086,14.236,22.399,14.257,23.679,16.173,22.691,13.612,22.458,14.382,23.14,15.881,23.147,12.941,23.805,14.811,23.163,14.585,22.894,14.247,22.905,14.046,23.34,15.283,23.816,15.181,23.913,13.23,23.531,15.513,24.097,16.118,23.9,15.422,23.569,13.93,24.314,15.265,23.005,12.643,23.915,16.009,23.164,14.613,23.325,12.886,24.146,15.877,23.156,15.082,22.71,14.825,21.783,16.057,23.015,16.884,24.063,13.746,22.917,14.223,23.117,17.286,23.411,14.188,23.739,11.74
"Dec 19, 2010",22.45,13.05,21.474,11.027,24.009,13.554,23.092,14.967,21.495,15.026,21.92,14,22.312,12.304,22.696,14.176,21.219,14.42,22.218,12.836,22.933,13.272,22.414,14.715,21.801,12.102,22.852,14.417,21.423,10.318,21.83,10.87,23.1,13.628,21.787,11.484,22.098,12.161,22.224,13.958,22.224,13.958,22.919,14.803,22.29,12.778,22.266,12.52,22.337,12.766,22.243,11.233,22.378,12.538,22.443,15.523,22.09,13.065,21.094,11.354,21.981,14.231,22.508,12.616,22.407,12.604,22.213,11.707,21.393,12.181,21.715,10.842,22.547,14.333,22.526,13.098,21.308,11.148,22.042,13.154,22.804,14.447,22.495,14.304,21.598,11.228,23.084,15.108,21.67,12.338,22.813,13.916,21.326,11.978,21.871,12.245,22.885,13.739,22.114,13.368,21.472,12.239,21.527,13.847,22.069,15.036,22.96,13.316,21.249,12.329,22.065,16.466,21.951,12.601,21.84,11.272
"Dec 27, 2010",23.359,12.95,22.128,11.129,24.403,14.101,23.107,14.3,21.294,14.987,21.397,14.18,22.592,12.447,22.954,13.807,20.873,14.389,22.638,13.486,22.128,13.157,21.89,15.006,22.873,12.351,23.378,14.329,22.347,10.849,22.634,10.41,23.397,13.8,22.481,11.752,22.954,12.233,22.839,13.884,22.839,13.884,23.252,14.611,23.102,12.511,22.635,12.46,21.75,12.87,22.997,10.68,21.974,12.649,22.501,15.453,22.842,12.955,21.734,11.206,21.438,14.521,22.65,12.505,22.871,12.646,22.864,11.425,22.308,12.16,22.302,10.734,22.697,13.879,22.959,12.98,22.134,11.654,22.7,12.945,22.994,13.948,22.961,14.13,22.461,11.387,23.093,14.692,22.164,12.346,22.946,14.578,22.104,11.915,22.338,12.345,22.41,13.881,21.567,13.451,22.438,11.96,21.398,13.933,21.781,14.913,23.327,12.905,22.281,12.271,22.237,16.174,22.839,12.668,22.213,11.668
"Jan 1, 2011",21.861,12.978,20.067,12.002,22.527,14.687,23.249,15.066,19.867,15.139,20.65,14.41,20.289,12.632,22.067,13.617,19.747,14.413,22.149,15.561,21.755,13.68,21.317,14.878,20.438,12.4,21.795,13.707,19.873,11.345,20.18,12.283,21.959,13.514,19.615,11.704,20.837,11.82,21.529,13.415,21.529,13.415,22.021,14.012,20.826,13.016,20.552,13.649,20.959,13.215,20.493,12.65,20.837,13.613,21.255,14.466,20.445,13.092,19.903,12.345,20.995,14.394,20.816,12.732,21.174,13.016,20.853,12.011,20.054,12.083,20.014,11.836,22.631,14.271,21.571,13.104,19.861,11.978,20.527,13.26,22.13,13.976,21.746,13.191,20.602,12.04,22.862,14.513,20.815,12.547,21.524,14.33,20.112,12.432,20.372,12.461,21.936,14.142,20.604,13.59,20.539,12.371,20.879,15.496,20.281,15.376,21.355,13.308,20.312,12.62,21.83,16.136,20.778,12.621,19.196,11.533
"Jan 9, 2011",21.528,11.73,19.767,9.591,21.523,12.408,21.987,13.025,19.654,13.602,20.343,13.329,,10.068,21.404,12.007,19.181,13.287,20.956,12.484,21.165,13.28,20.603,14.062,20.439,9.874,22.568,12.863,19.058,9.171,20.965,10.172,22.377,12.358,19.684,8.943,21.278,11.421,21.581,12.377,21.581,12.377,22.687,12.848,19.593,10.712,21.303,12.194,20.383,12.669,21.425,10.824,19.436,11.065,21.344,12.996,21.313,10.927,20.685,10.111,20.832,13.31,20.638,10.838,21.407,12.154,21.829,11.198,20.143,10.864,20.974,9.749,22.613,12.4,20.996,11.777,18.775,9.223,21.942,12.305,21.124,12.659,21.962,12.634,20.523,9.875,22.676,12.718,19.08,9.742,21.278,12.996,20.678,10.762,19.544,9.343,21.2,13.593,20.332,12.9,20.814,11.286,19.792,12.705,20.254,13.956,20.519,11.643,20.352,10.851,20.92,13.875,20.103,11.04,,8.235
"Jan 17, 2011",20.89,11.522,20.297,10.908,23.026,12.128,19.625,11.608,20.439,14.382,20.582,12.826,18.977,10.036,19.112,12.004,20.543,13.5,21.594,12.21,22.467,12.718,21.597,13.291,19.235,10.49,20.611,12.569,20.189,10.782,20.953,11.357,21.319,12.089,20.31,9.766,20.443,10.784,19.893,11.887,19.893,11.887,19.982,12.489,19.385,10.87,21.185,13.35,21.513,12.227,20.986,11.826,20.464,10.762,19.112,13.196,19.589,10.482,20.532,10.945,21.164,12.318,20.237,10.096,20.393,11.755,20.867,11.199,20.013,10.324,20.975,10.746,19.88,11.541,20.12,11.029,19.303,10.852,20.489,12.103,20.91,12.204,20.271,12.191,19.888,11.028,19.133,12.771,20.067,10.104,22.204,12.339,20.36,10.909,20.873,9.901,22.486,12.865,21.357,12.684,20.39,10.999,19.963,12.275,21.017,14.83,19.405,11.524,19.505,11.097,18.663,13.159,19.568,10.995,20.944,9.46
"Jan 25, 2011",23.706,14.422,22.837,13.127,25.57,14.629,23.17,14.012,22.258,16.484,22.822,15.529,22.166,13.027,22.704,14.901,22.197,16.025,24.015,14.533,24.281,15.216,23.445,15.769,23.062,13.547,23.481,15.161,22.4,12.752,22.994,13.684,24.335,15.152,23.992,12.321,23.239,13.541,23.192,14.6,23.192,14.6,23.029,14.951,22.513,14.104,23.14,15.969,23.601,15.282,23.114,14.388,23.858,13.087,22.037,15.801,21.519,13.505,22.719,13.25,23.741,15.148,21.72,12.961,23.172,14.615,23.294,14.225,22.916,12.741,22.935,13.231,22.815,13.685,22.841,13.579,23.324,13.307,23.432,15.033,23.75,14.98,23.035,15.161,22.772,13.346,22.71,15.505,22.292,12.525,24.894,14.979,22.882,13.397,23.018,11.979,24.416,15.323,23.158,15.442,22.696,13.57,22.403,14.295,22.651,16.872,22.723,14.681,22.618,13.928,22.132,15.421,22.771,13.856,23.409,10.947
"Feb 2, 2011",25.909,16.703,24.916,15.47,27.431,16.188,25.366,16.201,23.982,18,24.623,17.123,24.601,15.818,24.734,17.532,23.907,17.236,26.031,15.62,26.23,16.574,25.256,17.572,24.946,16.28,25.564,17.842,24.936,15.267,24.96,15.912,26.014,17.827,25.129,15.444,25.417,15.524,25.477,16.702,25.477,16.702,25.205,17.444,24.844,16.774,24.979,18.095,25.392,16.738,25.088,16.546,25.56,15.16,24.152,18.074,24.336,15.877,25.017,15.235,25.632,16.923,24.502,15.494,25.257,16.557,25.228,16.201,25.363,15.136,24.683,15.41,25.323,16.273,24.839,15.689,24.499,16.323,25.321,16.756,25.783,17.245,25.229,17.478,24.574,15.559,24.523,17.957,24.411,15.76,26.889,16.542,25.141,15.688,25.041,14.846,26.695,16.753,24.813,16.73,25.056,15.579,24.262,16.007,24.292,18.449,24.697,17.127,25.087,16.493,24.047,17.438,25.264,16.459,25.015,13.763
"Feb 10, 2011",26.08,17.98,25.751,16.016,27.963,16.488,25.296,15.584,25.506,19.134,25.434,18.419,23.759,16.017,24.697,17.99,25.215,19.01,26.443,16.048,27.248,18.261,25.85,19.194,25.052,17.34,25.267,18.256,25.791,15.744,26.296,16.515,25.632,18.205,24.429,16,26.261,16.766,25.381,17.717,25.381,17.717,25.502,17.195,24.59,17.492,26.345,18.522,26.14,18.267,26.613,17.172,25.938,15.027,24.065,18.029,24.239,15.998,26.198,15.9,26.07,18.432,23.851,15.644,25.854,17.826,26.416,17.014,26.254,16.719,25.605,16.287,25.722,15.911,24.896,17.037,24.971,16.819,26.455,17.952,25.845,18.365,24.967,17.976,25.493,16.157,23.947,17.806,23.809,15.733,27.016,17.236,26.426,16.754,23.606,15.094,27.473,18.578,25.965,18.234,26.27,16.713,24.798,15.991,25.944,19.649,23.995,17.474,25.565,17.79,23.511,16.741,25.285,17.741,24.059,14.435
"Feb 18, 2011",26.971,16.762,26.083,15.646,28.685,17.798,28.056,16.556,24.401,17.796,25.409,17.347,25.375,16.375,26.179,17.813,24.449,17.435,28.22,17.285,27.794,16.426,25.89,18.702,25.5,17.175,25.746,18.026,26.308,15.327,24.676,15.663,25.925,17.965,25.358,16.732,26.363,14.972,26.931,16.922,26.931,16.922,26.699,17.323,25.643,16.908,24.824,17.074,26.551,16.729,25.342,16.002,28.049,16.242,24.756,17.698,25.13,16.131,25.538,14.763,25.778,17.983,25.525,15.594,26.428,16.138,26.232,15.66,26.777,15.937,24.884,15.264,27.717,16.843,25.044,15.694,25.541,17.146,25.476,16.254,26.595,17.673,26.254,17.906,24.38,15.279,25.625,18.13,25.519,16.285,27.075,17.175,26.166,15.503,25.913,14.973,28.212,16.887,25.523,16.838,26.178,14.986,26.607,17.392,24.428,18.058,25.952,17.258,25.578,17.025,25.308,17.6,26.126,17.146,25.542,15.093
"Feb 26, 2011",29.346,17.779,28.88,16.4,31.056,17.65,29.394,17.211,26.911,18.423,27.275,17.923,27.216,17.767,27.229,18.385,26.636,18.211,30.672,17.319,29.57,17.195,27.547,19.196,27.102,18.708,27.025,18.134,28.852,15.879,28.929,16.077,27.882,18.064,27.12,17.786,30.368,16.109,28.852,17.301,28.852,17.301,28.09,17.431,27.162,18.009,28.129,17.366,28.468,17.477,29.377,16.34,30.375,16.272,26.063,17.799,27.392,17.79,29.229,15.372,27.579,18.165,27.563,17.217,29.202,16.969,30.169,16.424,29.116,17.22,28.801,15.712,29.461,17.006,28.575,16.427,27.107,17.661,29.301,16.872,28.816,18.34,27.613,17.807,28.103,15.957,26.262,18.354,27.146,17.441,29.352,17.229,29.432,16.508,28.747,16.377,30.059,17.634,27.801,17.431,30.186,16.189,28.997,17.428,27.072,18.969,26.459,18.262,27.728,18.209,26.3,17.928,27.938,18.003,27.448,16.344
"Mar 6, 2011",30.094,19.089,29.135,18.358,31.476,19.676,28.713,17.801,28.883,20.842,29.242,19.636,27.848,18.601,27.061,19.481,28.626,19.919,31.776,19.134,32.057,19.108,29.319,20.726,27.296,19.442,27.276,19.59,29.126,17.713,29.767,19.567,28.76,20.019,27.179,18.923,32.111,18.657,29.113,18.908,29.113,18.908,27.804,18.863,27.479,18.764,29.346,20.774,30.514,19.136,30.433,19.716,30.468,18.024,25.936,19.095,28.07,18.314,30.038,18.272,29.178,19.916,27.797,17.751,31.12,18.486,31.614,19.196,29.76,19.182,29.761,18.97,28.956,18.214,30.068,18.229,27.337,18.752,30.946,18.728,29.291,19.762,27.604,19.359,28.908,17.955,25.83,18.995,27.178,18.3,30.523,19.571,30.108,18.814,28.743,17.332,32.434,19.461,29.762,19.21,31.485,18.566,29.435,19.34,28.943,21.683,26.23,18.939,27.93,19.115,25.576,18.463,28.011,19.262,27.603,17.691
"Mar 14, 2011",30.151,21.67,30.793,21.27,29.824,20.729,30.638,18.577,28.203,21.815,28.363,21.87,28.247,19.557,27.453,20.849,28.035,22.029,28.707,19.338,30.985,22.23,27.443,21.991,28.229,21.345,27.209,20.358,30.139,20.325,31.048,21.299,27.952,20.947,27.817,19.132,32.508,21.578,28.236,21.752,28.236,21.752,27.96,20.252,28.377,20.535,29.685,21.319,29.615,22.233,31.412,21.047,29.204,19.693,25.668,19.885,28.327,18.643,31.467,21.129,27.371,21.639,28.454,18.579,30.835,21.479,32.291,21.623,30.17,21.653,31.016,21.654,29.428,20.174,30.386,20.728,28.258,20.663,31.358,21.658,29.148,20.983,26.781,20.827,30.806,21.434,26.227,19.856,27.717,18.503,29.635,21.029,31.193,21.628,30.563,18.297,30.22,22.044,29.074,22.125,32.684,22.1,27.853,19.923,28.24,22.083,27.091,20.893,29.038,21.667,26.749,18.887,28.852,21.699,29.091,17.66
"Mar 22, 2011",28.806,21.3,32.465,20.326,30.158,20.841,27.379,21.793,28.232,22.153,29.525,21.433,28.81,20.015,26.878,21.635,27.717,21.847,30.478,19.959,30.711,21.43,28.408,21.936,28.594,21.401,28.416,21.55,32.93,19.416,29.829,20.894,29.2,21.198,28.664,19.881,31.61,21.338,29.134,21.773,29.134,21.773,29.27,21.971,28.045,20.682,28.318,21.191,29.475,22.081,29.047,21.111,30.149,20.204,26.843,22.008,28.116,19.577,30.817,20.385,28.506,21.162,29.097,18.474,32.04,21.206,30.028,21.434,28.657,21.307,30.97,20.302,29.671,21.774,31.136,21.171,29.877,20.286,29.255,21.499,30.039,21.247,28.577,21.642,31.047,20.424,26.093,21.254,28.089,18.474,29.611,20.672,29.732,21.231,30.55,17.857,30.644,21.673,28.786,21.793,30.727,21.441,29.346,20.585,28.442,22.282,27.147,20.65,28.117,21.071,24.446,21.221,27.979,21.578,30.167,18.419
"Mar 30, 2011",30.408,21.67,29.984,21.614,29.506,20.824,27.159,20.247,29.299,22.435,28.687,22.141,27.453,19.954,28.586,20.523,28.943,22.534,31.01,20.106,31.12,22.162,27.611,22.422,29.808,20.855,28.994,20.762,31.252,21.479,29.515,22.213,29.338,20.159,27.489,20.147,31.283,21.464,30.395,21.074,30.395,21.074,27.365,20.039,28.913,20.353,28.796,21.824,29.406,22.827,29.729,22.24,29.657,18.478,27.483,20.33,27.272,19.724,30.701,21.819,27.92,21.41,27.67,19.348,30.878,21.495,31.51,21.188,29.261,21.607,29.912,21.987,27.226,19.668,29.691,21.648,28.98,20.908,31.314,21.8,28.635,21.775,29.213,21.01,31.745,21.069,28.207,20.105,26.908,19.487,29.191,20.438,31.256,21.537,28.373,19.379,29.472,22.202,29.32,22.763,31.197,21.658,29.169,19.698,29.233,23.159,27.686,20.091,29.574,21.115,26.975,19.898,30.278,20.918,29.831,19.884
"Apr 7, 2011",30.469,22.14,30.089,21.151,30.419,23.048,28.602,21.252,30.452,23.762,29.93,23.072,28.071,21.08,27.699,21.88,30.136,23.523,31.565,22.115,32.623,23.851,29.334,24.078,27.669,21.279,29.245,21.6,31.675,20.531,31.31,21.66,29.502,22.398,27.596,20.619,32.931,21.837,29.572,22.265,29.572,22.265,29.385,20.804,27.856,21.191,30.213,22.093,30.835,23.985,30.881,21.815,31.78,21.405,27.237,21.454,28.351,20.582,31.637,21.693,28.444,23.227,27.276,20.032,32.711,22.024,32.138,21.836,28.906,21.713,31.512,21.425,30.493,20.937,31.008,22.346,29.51,20.741,32.605,22.119,30.041,22.733,28.723,22.351,31.527,20.927,27.138,21.781,25.79,20.014,30.68,23.033,31.498,21.477,26.377,19.413,31.861,23.965,30.846,23.516,32.093,22.036,31.119,22.325,30.21,24.099,26.405,21.476,28.236,21.162,27.229,21.504,28.476,21.134,29.301,19.917
"Apr 15, 2011",30.091,21.48,29.595,22.631,31.646,22.973,29.853,22.044,29.693,22.47,29.835,20.342,29.496,21.965,28.653,21.418,29.753,20.535,32.502,22.254,33.063,21.728,29.307,24.058,27.308,21.557,29.782,22.23,30.524,22.093,30.854,21.649,29.859,21.761,28.538,21.728,30.882,21.237,30.172,21.294,30.172,21.294,30.207,22.105,28.241,21.375,29.161,21.952,30.575,19.659,30.596,22.62,32.021,21.534,28.31,21.756,29.806,21.916,30.885,21.918,28.724,21.555,28.914,22.315,30.695,21.918,32.207,21.658,28.719,21.378,29.804,21.883,30.863,21.989,29.862,22.823,28.485,21.807,29.889,21.132,29.663,23.076,29.469,22.062,29.485,21.99,27.97,21.217,27.741,22.085,31.785,21.873,29.676,21.668,27.689,22.624,32.096,24.47,30.64,,30.487,21.667,31.68,21.927,30.083,22.707,27.73,21.443,27.687,21.233,28.318,21.799,28.791,20.696,28.445,21.92
"Apr 23, 2011",29.204,22.581,31.054,22.003,27.748,22.274,30.262,22.188,30.431,23.391,29.165,23.201,28.65,21.408,27.825,22.263,28.966,23.315,28.039,21.214,29.793,23.208,26.739,23.564,27.739,22.459,28.723,22.374,31.485,21.672,30.799,21.524,29.089,22.684,28.639,21.274,31.581,22.387,28.176,22.699,28.176,22.699,30.151,21.849,29.261,21.826,30.887,22.186,30.263,23.197,30.782,21.53,27.377,21.253,27.371,22.607,29.804,21.796,32.924,22.323,27.412,23.132,28.121,20.984,30.576,22.577,31.97,21.832,28.603,22.587,30.128,22.057,30.907,21.489,30.103,23.017,28.838,21.872,31.611,23.214,28.24,23.023,27.525,22.782,31.604,22.078,28.228,21.993,27.43,20.125,29.421,22.407,31.397,22.543,29.408,20.839,28.3,23.283,29.916,23.099,31.175,22.387,27.201,21.417,30.167,23.51,28.443,22.166,27.529,22.179,28.692,22.633,27.5,22.111,29.676,21.442
"May 1, 2011",30.971,23.702,29.143,21.411,30.715,22.133,28.537,22.305,30.087,24.288,29.671,23.545,25.461,22.59,26.55,23.293,29.538,23.994,30.961,20.232,31.931,23.493,26.595,23.886,27.788,22.158,28.379,22.375,29.793,21.969,31.574,22.314,29.729,22.685,26.98,21.769,31.873,23.102,30.15,22.987,30.15,22.987,28.887,21.904,27.196,21.874,31.896,22.536,30.139,23.679,32.316,22.547,30.379,20.792,27.337,22.116,26.828,22.496,31.313,22.057,28.729,23.463,26.778,22.881,30.583,23.512,33.117,22.797,29.298,23.05,31.991,22.086,29.266,21.768,30.515,23.358,28.225,21.818,32.774,22.606,30.902,22.866,28.643,22.654,30.315,21.387,25.139,23.301,26.671,21.788,29.411,22.798,30.749,22.312,29.092,21.283,30.778,23.83,30.285,23.642,31.131,23.253,29.183,21.449,30.362,24.437,25.554,22.727,28.213,22.408,26.342,23.076,28.361,21.642,28.384,21.395
"May 9, 2011",27.781,23.021,28.642,22.821,30.16,23.628,29.345,22.112,29.101,24.219,28.312,23.061,25.539,20.977,28.89,22.412,27.91,23.906,31.262,23.165,29.419,24.095,29.28,23.494,26.702,22.133,29.072,22.3,28.453,22.72,29.153,24.542,30.443,22.151,26.087,22.054,26.575,22.636,28.699,23.133,28.699,23.133,29.562,22.486,27.081,21.936,30.029,24.226,28.395,23.467,28.821,23.533,28.639,21.736,28.895,22.548,26.208,21.933,28.018,23.294,30.326,22.881,26.053,20.808,27.67,22.807,27.91,22.679,26.026,22.344,28.249,24.293,30.652,22.568,27.541,22.572,27.618,22.475,28.492,23.187,29.005,22.806,28.55,22.032,28.278,23.205,29.311,22.775,25.465,20.229,31.356,23.075,28.001,22.56,27.059,20.099,29.464,23.476,28.554,23.779,27.164,22.569,27.021,23.138,29.154,24.647,27.602,22.061,26.67,22.51,29.129,23.209,26.902,22.185,26.276,22.327
"May 17, 2011",31.351,24.521,29.55,23.58,27.942,22.206,26.062,22.955,30.335,23.573,30.261,22.941,28.08,22.379,28.509,23.336,29.441,23.891,27.776,21.003,31.545,24.756,29.45,24.07,29.335,22.79,31.618,21.675,31.538,23.573,32.669,24.971,32.13,20.911,27.245,22.037,29.779,22.368,29.953,23.17,29.953,23.17,32.097,22.797,28.275,22.633,33.275,23.011,29.631,23.748,33.075,24.218,29.556,19.258,31.077,23.065,20.839,22.182,31.375,23.996,30.717,22.409,26.575,21.55,29.187,22.002,31.894,21.87,29.643,22.805,31.696,24.882,28.425,22.263,30.668,24.005,30.215,23.66,32.835,20.796,31.619,24.141,29.302,22.921,27.397,22.765,26.781,22.881,27.249,21.535,29.485,23.047,31.876,23.211,27.784,21.491,31.011,23.99,30.408,23.645,31.11,23.817,27.284,21.277,30.555,24.438,,23.216,28.511,22.036,25.055,23.391,29.224,23.094,27.352,21.67
"May 25, 2011",31.776,24.361,30.726,24.744,30.373,23.254,31.397,25.877,29.295,25.257,29.337,24.537,30.821,24.288,31.66,25.364,29.131,24.564,30.613,21.273,27.765,24.109,28.027,24.586,30.116,24.814,31.279,24.209,30.887,24.842,31.862,24.931,31.606,23.745,30.658,24.47,29.652,24.372,31.754,24.234,31.754,24.234,31.085,25.764,31.138,24.433,32.748,25.312,30.088,24.672,31.742,25.095,29.998,21.792,30.555,24.623,30.924,24.006,31.269,24.787,28.886,24.197,31.155,23.788,29.894,24.191,30.138,24.996,29.946,24.382,32.894,24.884,30.473,23.242,29.8,24.154,31.008,25.067,32.055,24.557,30.813,24.263,30.863,24.244,29.896,24.791,30.71,25.429,30.402,24.462,29.603,24.489,30.479,24.698,29.6,24.544,28.22,24.246,29.83,24.188,29.824,24.719,29.193,21.717,29.416,25.81,31.532,25.058,30.389,24.654,30.839,25.598,32.158,24.327,29.578,24.297
"Jun 2, 2011",30.966,25.26,31.332,26.93,31.567,25.451,29.269,24.783,30.046,26.263,29.671,26.705,27.581,26.002,28.06,26.477,29.516,26.177,29.579,20.548,30.557,26.615,28.874,26.221,29.748,25.95,29.752,25.622,32.612,27.544,32.981,25.319,30.576,27.183,28.947,26.759,29.577,24.776,29.676,25.803,29.676,25.803,29.6,25.158,29.039,25.842,33.445,24.957,29.722,27.322,32.994,25.634,30.609,23.69,28.488,25.514,27.652,25.314,31.135,26.093,29.598,26.256,27.035,24.472,29.551,25.216,31.096,24.135,29.391,25.153,32.628,25.85,29.797,24.216,29.519,25.45,31.047,27.49,31.805,24.238,30.429,25.639,29.802,25.465,30.233,25.77,27.731,26.503,28.449,25.013,30.148,26.644,30.885,25.807,27.835,24.374,29.923,26.439,29.215,26.383,29.79,25.06,29.588,21.054,30.789,26.595,28.071,26.055,29.984,24.941,26.698,26.252,29.129,25.906,27.72,25.432
"Jun 10, 2011",27.923,25.33,28,24.869,28.927,23.36,,25.909,28.752,25.774,26.177,26.15,26.86,25.567,28.38,25.271,25.934,25.811,28.207,21.757,,24.822,27.317,25.967,27.095,25.273,26.289,25.567,31.682,24.89,34.721,24.214,,25.997,27.831,25.547,27.427,24.192,29.307,25.383,29.307,25.383,26.114,26.036,25.449,24.566,29.738,26.073,28.009,26.276,33.488,26.105,28.007,22.713,26.165,25.883,25.893,24.981,29.999,25.355,25.703,25.406,27.065,25.76,25.179,24.998,28.742,25.441,27.971,,30.912,24.605,,25.534,26.009,25.315,26.978,25.471,28.176,24.971,30.788,25.731,24.066,25.413,27.624,24.979,23.793,26.293,28.323,25.839,26.728,25.397,28.648,25.411,27.289,25.532,24.983,25.429,27.688,26.107,28.438,25.341,28.371,22.124,29.884,26.131,25.526,26.075,25.667,25.121,25.865,27.018,26.452,24.496,28.846,25.821
"Jun 18, 2011",28.65,,29.631,,26.253,,25.59,,26.539,,,,28.445,,,,25.568,,,,28.201,,,,27.3,,,,,,,,27.847,,,,27.784,,,,,,26.971,,28.174,,,,,,,,27.686,,24.544,,28.331,,28.648,,28.48,,28.387,18.37,,,,,29.013,,,,28.369,,,,,,,,,,,,30.613,,24.684,,24.458,16.33,28.267,,27.059,,,,29.754,,,,25.251,,26.165,,28.054,,30.619,25.064,27.007,,26.796,24.496,28.647,,,
"Jun 26, 2011",,,,,,,,,,,,,14.532,,,,,,,,,,,,,,,,,,,,,,,,,,,,,,,19.773,,,,,,,,,,,,19.982,-1.435,,,,,,12.38,,,,,,,,,,,,,,,,,,,,,,,,,,0.944,,,,,,-7.175,,,,,,,,,,,,,,,,,,,,,
"Jul 4, 2011",29.178,25.23,28.043,25.105,27.437,23.264,29.022,,26.625,24.975,26.183,25.121,26.712,,28.817,,25.188,24.942,25.689,18.81,25.135,24.456,25.989,25.093,25.814,25.69,26.778,,26.528,25.055,29.243,24.555,27.143,25.724,25.232,,27.935,24.767,28.017,,28.017,,28.285,,27.79,,28.265,25.429,27.651,25.104,28.718,24.594,28.105,,24.904,,27.571,,28.032,23.113,25.747,25.387,26.167,21.857,27.856,24.962,27.345,24.908,28.327,24.637,28.597,24.546,29.505,,28.145,25.418,28.805,25.535,26.719,25.388,27.669,25.675,25.996,,28.367,22.773,27.068,,27.553,21.8,26.323,25.357,28.348,19.663,,,26.947,25.057,25.827,24.917,28.29,25.067,27.289,15.922,26.662,25.204,28.6,,27.327,25.518,25.439,,28.586,,,
"Jul 12, 2011",29.717,,27.495,,26.161,,,,25.785,,26.327,,29.925,,30.15,,22.448,,27.299,,,,22.906,,25.862,,28.194,,26.87,,28.781,,29.577,,,,29.059,,30.017,,30.017,,28.44,,25.426,,28.2,,,,27.784,,27.918,,19.894,,29.524,,28.026,,23.492,,29.589,,28.058,,29.319,,28.71,,22.607,,28.049,,28.574,,,,29.854,,30.156,,28.743,,23.741,,,,9.579,,28.07,,27.906,,,25.427,26.937,,,,27.835,,25.973,,25.922,,,,27.105,,,,28.516,,,25.346
"Jul 20, 2011",30.039,,28.604,,26.976,23.427,25.7,26.532,25.995,25.771,27.759,25.45,31.288,,30.289,,25.199,25.555,26.454,,26.875,,27.601,25.912,29.288,,24.57,,30.487,,27.875,,23.53,,33.16,26.996,26.206,,29.951,,29.951,,21.739,,29.139,,27.61,,26.176,,30.115,,24.836,,24.444,,27.721,,29.177,,,,31.239,,25.095,,27.195,,28.122,,28.841,,25.868,,29.768,,30.529,,27.645,,24.158,,25.155,,29.879,,22.57,,,26.093,27.809,24.285,29.425,,,,27.69,,25.295,25.738,25.582,,25.657,16.825,26.545,25.659,30.797,,28.918,,24.923,26.375,29.638,,,
"Jul 28, 2011",31.778,26.39,28.992,26.518,29.457,25.879,32.327,,28.739,26.067,28.943,26.471,,,,,28.921,26.235,29.03,,27.734,25.624,28.963,26.093,24.781,25.89,27.25,,28.859,,28.825,25.253,29.259,26.21,,,31.111,26.949,32.921,,32.921,,,,25.634,26.183,30.007,26.562,26.833,26.525,31.328,26.473,35.751,,25.875,,,,27.161,25.796,25.456,26.591,,,30.959,26.566,32.275,26.709,30.044,,,25.583,31.242,,29.582,26.583,,,31.104,27.186,32.131,26.349,30.433,,28.574,26.051,,,,,28.41,26.285,30.172,25.953,,,29.169,26.189,26.789,26.496,30.507,,24.461,,29.695,26.368,,,,26.622,,,,,,
"Aug 5, 2011",16.17,,,,26.785,,27.37,,,,,,29.725,,26.733,,,,22.815,,,,,,,,,,,,,,,,29.249,,,,,,,,24.941,,,,,,,,,,26.087,,22.652,,29.512,,,,,,28.258,,,,,,,,,,27.324,,,,,,,,14.189,,,,,,22.952,,26.51,,,,,,,,,,,,,,25.619,,,,,,,,22.696,,26.295,,28.823,
"Aug 13, 2011",29.47,,23.002,26.264,26.743,,27.929,,25.316,,26.279,,,26.829,15.385,26.732,25.172,,25.091,,24.131,22.498,23.662,23.806,,26.763,26.744,,23.939,26.124,24.933,,28.178,,,26.86,27.067,,29.439,,29.439,,27.954,,,,28.143,,26.204,,24.575,,25.693,,24.715,,,26.109,,,26.277,,27.398,26.598,26.568,,,,27.402,,,,28.553,,26.335,,,26.257,,,28.887,,28.045,,30.041,26.254,22.821,26.42,26.35,26.679,28.118,,,,,26.456,26.827,23.474,25.995,,27.73,,24.195,25.274,25.408,,7.084,,,,24.407,25.663,,,,26.733
"Aug 21, 2011",29.168,,29.063,,28.655,,29.997,25.765,27.854,,27.66,,29.676,25.899,29.52,25.834,27.097,,27.179,,24.413,,26.715,24.133,29.314,,27.578,,28.929,25.422,29.832,,28.709,,28.878,25.448,28.129,,27.291,,27.291,,27.346,,29.775,25.88,28.886,,28.7,,29.762,,26.367,,24.494,26.161,28.595,25.794,27.74,,26.412,,27.089,25.388,28.726,,29.3,,28.661,,30.272,,29.159,26.151,28.437,,28.299,25.267,28.566,,28.776,,26.932,,29.155,26.301,26.516,26.284,28.579,25.426,29.017,,28.006,27.045,29.529,25.535,28.756,24.17,28.288,,28.991,,26.259,,27.399,,30.904,25.445,27.988,26.13,26.645,26.46,28.851,25.34,29.575,25.893
"Aug 29, 2011",29.939,,29.035,26.477,29.541,,29.55,25.919,25.581,25.621,28.861,,29.793,26.282,30.805,25.64,24.352,,27.67,,28.14,22.867,28.702,,27.895,25.473,27.962,26.278,28.74,26.649,28.728,24.945,29.87,,28.959,26.169,28.679,,28.498,25.741,28.498,25.741,27.466,25.731,27.96,25.196,28.356,25.24,28.254,,29.218,24.852,28.294,,26.477,26.551,29.412,26.778,26.367,25.625,29.629,,29.688,26.526,30.101,,30.729,24.642,27.434,,28.755,25.03,29.337,25.11,28.275,,28.6,26.438,29.317,25.592,29.284,,27.839,26.074,27.938,26.37,29.621,26.779,29.399,26.381,29.759,23.594,26.468,26.451,30.665,26.441,28.625,,27.489,,27.48,25.602,27.219,,25.556,25.886,30.886,25.359,27.079,25.625,28.156,27.134,28.327,24.743,30.057,26.096
"Sep 6, 2011",28.651,25.73,30.092,26.303,27.429,,32.487,26.876,26.448,25.065,27.679,24.985,31.882,25.955,32.651,26.091,26.294,24.954,27.036,23.237,27.542,25.493,27.07,,30.78,,27.266,26.884,31.343,,28.283,26.038,28.22,,31.63,26.019,28.414,26.398,28.872,25.54,28.872,25.54,29.083,27.26,32.346,,27.969,26.079,28.525,,28.377,26.125,26.625,,26.628,27.383,30.665,25.824,28.55,26.084,27.342,,31.134,26.017,28.461,,29.513,26.262,28.385,26.165,29.358,26.29,31.483,26.997,27.975,,30.135,,28.8,26.776,28.636,,28.372,26.187,30.483,26.774,31.371,27.974,31.866,25.701,27.506,,28.514,26.186,33.091,25.544,27.472,,27.168,25.269,28.604,26.505,26.637,22.276,27.424,26.254,32.887,,29.434,25.823,29.74,27.999,29.655,25.733,32.895,25.96
"Sep 14, 2011",25.07,,27.531,,27.282,25.068,28.453,,22.977,23.77,25.409,,28.71,22.978,24.906,,24.442,23.635,27.619,23.01,24.43,24.883,24.886,25.36,27.685,,26.045,,28.881,,26.991,,27.125,,28.939,,22.304,,,,,,26.18,,30.426,,27.218,,,,,25.091,27.486,23.582,24.531,,27.922,,,,24.201,25.54,28.706,22.221,27.742,,26.307,25.548,22.527,,28.358,,27.307,,25.893,,27.692,,,,25.739,,,,28.115,,25.531,,29.199,,26.521,25.283,23.268,,29.331,,26.313,,26.753,,27.616,,26.596,25.201,26.097,,,,28.191,,25.865,,28.428,,28.951,
"Sep 22, 2011",30.466,24.67,29.842,24.615,27.734,22.828,28.324,25.319,27.447,23.685,27.037,25.056,28.5,23.328,29.244,24.313,26.634,24.332,26.973,19.365,29.308,24.493,28.723,24.678,27.998,24.252,28.381,24.895,29.1,24.125,30.16,23.959,28.543,24.781,27.97,23.668,29.231,24.846,29.997,24.215,29.997,24.215,28.224,25.112,29.113,23.936,28.978,23.436,28.724,25.031,29.543,23.713,26.564,20.986,27.845,25.266,28.022,23.838,29.895,24,27.654,24.455,28.24,23.327,29.617,25.155,29.301,24.227,27.917,24.582,30.355,24.027,28.035,25.077,29.262,24.96,28.647,24.782,29.761,25.072,30.102,24.791,29.63,24.664,29.331,25.015,28.455,24.662,27.786,23.601,28.881,23.696,29.019,25.122,27.964,24.657,28.218,24.551,27.79,24.775,29.152,24.604,26.651,21.285,27.796,24.235,28.92,23.316,28.097,24.708,26.972,25.295,29.006,24.203,28.386,23.098
"Sep 30, 2011",30.093,25.69,29.955,25.678,27.587,24.692,28.909,24.896,28.402,24.97,28.82,25.288,27.907,24.876,28.272,25.744,28.618,24.857,27.19,21.837,30.207,25.328,27.904,25.406,29.09,25.357,28.265,26.175,29.607,25.561,31.124,25.132,28.454,25.549,28.223,24.943,29.532,25.814,28.819,25.493,28.819,25.493,28.527,25.475,28.496,25.584,29.654,25.396,30.028,24.748,30.172,25.017,26.404,22.781,27.777,26.523,27.86,25.283,29.724,25.584,28.099,25.189,28.192,24.849,29.616,25.727,29.925,25.388,29.032,25.618,31.064,25.447,29.035,24.718,28.675,25.6,28.865,25.724,29.952,26.155,29.377,25.853,28.343,25.661,29.604,25.951,28.642,26.396,28.161,24.782,28.185,25.746,28.689,26.163,28.662,25.095,29.457,25.519,29.64,24.667,29.758,25.544,26.501,22.989,28.2,25.376,27.738,25.642,28.614,25.881,28.015,26.341,28.072,25.277,28.027,25.105
"Oct 8, 2011",30.906,25.23,30.465,24.817,29.129,24.46,29.919,24.871,29.037,25.212,29.452,25.701,29.095,24.145,29.886,24.348,28.9,25.112,27.918,22.778,29.943,25.617,28.252,25.753,29.661,24.552,30.604,25.649,30.348,24.914,31.96,24.701,30.438,25.772,29.402,23.795,30.428,25.685,30.586,24.638,30.586,24.638,29.932,24.904,29.74,24.346,30.268,24.634,29.761,25.398,30.896,24.45,28.392,22.969,29.944,25.909,28.784,24.712,30.447,24.705,28.956,25.71,28.847,24.082,30.251,25.717,30.952,25.089,30.546,24.855,32.151,24.621,29.569,24.388,30.254,25.831,29.645,24.503,30.587,26.037,30.91,25.713,30.422,24.809,30.364,25.233,29.859,25.062,29.037,23.797,29.124,25.633,30.048,25.525,29.581,24.033,28.999,25.745,29.693,25.134,30.286,24.944,27.758,23.436,29.263,25.263,29.573,24.298,30.017,24.956,29.123,25.911,29.908,24.269,29.715,23.598
"Oct 16, 2011",30.345,24.02,30.184,23.765,27.161,23.853,29.414,23.835,28.597,25.551,28.124,25.457,28.864,22.757,29.558,23.512,27.575,25.029,26.352,21.522,27.68,25.809,27.38,25.073,29.919,23.17,28.834,24.692,29.373,23.232,31.31,23.669,28.844,25.119,28.944,22.776,30.046,24.375,29.39,23.169,29.39,23.169,29.544,23.73,29.41,23.249,29.798,24.625,28.016,25.092,30.25,23.573,27.672,22.884,28.763,23.873,28.727,22.938,29.971,23.754,28.337,24.928,28.822,22.81,29.382,24.84,30.446,24.234,29.999,23.155,31.229,23.673,29.348,23.489,29.071,24.702,29.793,23.529,30.163,25.464,29.369,24.795,29.103,23.42,30.277,24,29.665,24.197,28.517,22.556,28.224,24.913,29.87,23.901,28.544,22.781,27.585,25.537,27.348,25.271,30.276,23.968,26.326,23.179,29.18,25.429,29.034,23.619,29.465,23.113,28.615,24.658,29.115,22.808,28.914,22.398
"Oct 24, 2011",29.799,22.922,28.627,21.952,28.728,22.42,28.922,22.754,27.738,23.288,27.755,23.619,28.025,20.934,28.568,22.513,27.489,23.287,27.19,21.245,27.787,23.625,27.442,23.774,28.512,21.589,28.901,23.382,28.606,21.215,30.208,21.14,28.686,23.203,28.452,20.409,29.716,22.552,28.852,22.646,28.852,22.646,28.751,22.994,28.794,21.768,29.082,22.196,27.741,23.221,29.671,21.197,27.636,20.727,28.536,24.049,27.661,21.651,28.983,21.449,27.672,23.288,28.019,20.895,29.444,23.168,29.739,21.954,29.827,22.437,29.998,20.991,28.512,22.39,28.924,23.373,28.523,21.257,29.504,23.443,29.453,23.663,28.435,23.153,29.184,22.349,28.52,23.483,28.184,20.41,28.266,23.407,29.225,22.694,28.162,20.202,27.616,23.827,27.717,23.285,29.529,22.586,26.986,21.613,28.162,23.371,28.304,21.671,28.969,22.313,28.178,24.31,29.018,22.013,28.38,20.041
"Nov 1, 2011",28.755,20.05,27.8,19.878,26.917,20.145,27.411,20.08,27.302,22.18,26.385,21.239,26.311,18.271,26.7,19.423,26.634,21.462,25.661,18.512,26.611,21.503,26.034,21.502,26.548,19.046,28.026,20.545,27.163,19.396,29.432,19.798,27.505,20.519,27.025,17.86,28.716,20.057,27.554,19.829,27.554,19.829,27.869,20.198,27.073,18.914,28.26,20.788,26.361,20.766,28.744,19.638,26.053,18.614,27.363,21.187,26.353,18.849,27.863,19.761,26.199,20.975,26.668,18.154,28.631,20.459,28.925,19.965,28.671,19.585,29.055,19.771,27.116,19.41,28.209,20.559,27.309,18.952,28.763,21.291,28.287,20.699,27.213,20.127,27.884,19.712,26.939,20.268,26.905,17.925,26.38,21.139,28.075,19.977,27.093,17.801,26.293,21.567,26.588,20.945,28.284,20.103,25.136,19.517,27.732,22.612,26.626,18.619,27.566,19.615,26.77,22.109,27.452,19.015,27.664,17.414
"Nov 9, 2011",30.147,20.17,28.661,19.543,28.168,19.669,28.085,18.639,27.089,21.991,27.222,21.265,27.954,17.909,27.925,18.666,26.956,21.604,26.588,18.592,27.387,21.15,27.004,21.618,28.067,18.767,28.765,19.855,28.019,19.082,29.698,19.751,28.316,20.145,28.742,17.648,29.974,19.934,28.378,19.643,28.378,19.643,28.643,19.252,27.693,18.358,28.834,20.456,27.153,20.621,29.654,19.706,26.414,18.175,27.948,20.342,26.754,18.165,28.502,19.824,27.082,21.18,27.923,17.675,29.822,20.342,29.823,20.008,29.797,19.82,29.343,19.753,27.863,18.686,29.157,20.482,28.621,18.417,29.152,21.012,29.589,20.69,28.393,19.806,28.824,19.744,27.841,19.456,28.289,17.71,27.63,21.051,29.108,20.134,28.202,17.563,27.319,21.435,27.278,20.838,29.323,20.229,25.904,19.418,27.747,22.18,27.42,18.197,28.569,19.698,27.205,20.531,28.945,18.92,29.11,17.677
"Nov 17, 2011",28.412,18.919,28.286,18.576,27.644,18.752,27.206,17.958,26.215,21.11,26.309,19.848,27.098,16.719,26.695,17.827,25.886,20.337,26.052,18.385,26.283,19.752,26.106,20.355,27.318,17.456,28.137,19.043,27.315,18.169,28.7,18.534,28.123,19.096,27.813,16.293,28.944,18.644,27.293,18.557,27.293,18.557,27.438,18.596,26.727,17.463,27.882,19.468,26.109,19.283,28.853,18.488,26.2,17.375,26.445,19.285,25.487,17.288,27.891,18.527,26.239,19.677,26.033,16.552,29.005,19.041,29.361,18.467,27.851,18.158,28.818,18.443,26.858,17.888,27.846,19.444,28.641,17.592,28.633,19.783,28.248,19.697,27.209,18.893,28.216,18.315,26.384,18.677,26.277,16.271,27.108,19.589,28.288,18.462,26.792,16.176,26.451,20.186,26.008,19.555,28.571,18.683,25.25,18.975,27.005,21.423,26.495,17.411,27.341,17.987,25.936,19.925,27.773,17.558,27.417,16.067
"Nov 25, 2011",27.776,16.98,27.646,16.206,27.047,17.366,26.905,17.505,25.341,18.966,25.628,18.169,27.362,16.068,26.391,16.511,25.129,18.717,25.109,17.21,25.835,17.734,25.62,18.807,27.201,15.824,27.528,17.4,27.105,15.566,27.808,15.738,27.409,17.325,28.357,15.177,28.216,16.48,26.819,16.929,26.819,16.929,27.28,17.567,26.287,16.27,27.364,16.964,25.433,17.448,28.057,15.922,25.113,16.263,26.362,18.044,26.382,16.844,27.419,16.141,25.834,18.34,26.936,16.341,28.048,16.95,28.436,16.344,27.241,16.389,28.035,15.8,26.509,17.133,27.147,17.598,28.111,15.55,27.504,17.35,27.528,18.106,26.568,17.257,27.639,16.13,26.241,17.779,27.17,16.035,26.819,18.03,27.797,16.434,27.423,16.132,25.975,18.18,25.486,17.866,27.85,16.863,24.344,17.762,25.934,19.005,26.1,16.383,26.701,16.203,25.671,19.323,27.088,15.821,28.237,15.234
"Dec 3, 2011",26.73,17.39,26.599,17.453,27.018,17.606,26.321,17.703,25.166,19.707,25.346,18.442,25.712,16.76,25.939,17.007,24.787,19.091,25.812,17.634,25.704,18.165,25.272,18.854,26.008,16.605,27.095,17.73,26.212,17.038,26.301,17.286,26.649,17.842,27.185,16.088,27.765,16.991,25.924,17.5,25.924,17.5,26.688,17.886,25.03,16.385,26.946,18.312,25.169,17.779,27.068,17.182,25.088,16.498,26.092,18.282,25.36,16.952,26.216,17.113,25.131,18.407,25.454,16.591,27.49,17.579,27.829,17.065,25.748,16.843,26.915,17.405,26.243,17.475,27.003,17.688,26.893,16.789,27.316,18.199,26.864,18.077,26.173,17.681,26.735,16.919,26.261,17.909,25.502,16.568,26.056,18.401,26.378,16.979,25.496,16.931,25.838,18.487,25.138,18.153,26.691,17.191,24.566,18.057,25.637,20.005,25.272,16.41,25.439,16.718,25.361,19.233,25.505,16.426,27.117,15.937
"Dec 11, 2011",22.852,13.67,20.703,12.494,24.319,14.415,22.96,14.946,21.598,15.876,22.682,15.227,24.003,12.632,22.521,13.79,21.754,15.174,22.594,14.317,23.621,14.553,23.272,16.267,22.576,13.05,23.259,14.081,21.985,11.856,22.572,12.679,23.784,14.539,25.11,12.07,22.946,13.068,21.757,13.145,21.757,13.145,22.526,14.309,22.175,14.144,21.751,14.222,22.812,13.696,23.102,13.206,22.4,13.701,22.576,14.841,22.36,13.66,22.978,12.2,23.191,15.925,22.529,12.827,23.405,14.422,22.245,13.401,21.761,12.527,22.322,12.019,21.847,14.259,22.913,14.475,22.782,11.965,21.582,14.293,23.044,14.863,22.734,14.283,22.024,12.146,22.143,14.765,23.473,12.322,23.971,15.124,22.993,11.996,21.42,12.318,23.82,15.079,22.724,14.275,23.149,12.984,21.655,14.977,21.773,16.07,22.18,14.221,21.533,12.299,21.856,15.955,21.816,12.822,24.459,11.739
"Dec 19, 2011",21.847,12.7,22.536,11.308,22.994,13.387,23.592,14.104,20.274,14.477,20.891,13.681,22.043,11.727,22.46,12.858,19.643,13.999,22.682,14.041,20.941,13.34,20.551,14.551,21.365,11.49,21.698,12.606,22.479,10.584,22.967,11.292,21.222,13.03,23.28,10.95,22.016,11.659,21.4,13.286,21.4,13.286,22.337,12.93,21.342,12.113,22.587,12.414,20.563,13.336,23.332,11.505,21.323,13.069,22.066,13.304,21.886,12.551,22.312,11.343,20.088,13.876,22.657,11.753,21.465,12.637,23.291,11.375,20.552,11.43,22.556,11.321,22.536,13.984,21.407,12.681,22.527,10.682,21.874,12.819,22.596,13.027,21.951,13.304,22.114,11.385,23.954,13.575,22.629,11.38,20.939,13.551,21.863,11.109,23.114,11.23,20.947,13.943,20.227,13.322,21.638,11.586,21.251,14.471,20.714,14.761,21.816,12.732,19.95,11.661,22.739,15.11,20.593,11.798,24.16,10.489
"Dec 27, 2011",25.967,15.585,24.48,13.69,27.454,16.989,26.405,15.886,22.497,17.685,23.507,17.43,24.742,12.298,25.591,14.713,22.639,18.604,25.721,16.597,25.148,17.971,24.192,18.29,25.205,13.328,26.325,15.816,24.318,12.583,24.299,14.903,26.184,16.477,25.921,11.316,25.144,15.564,25.503,15.491,25.503,15.491,26.428,15.41,25.253,13.395,25.066,16.594,24.327,17.906,24.996,15.167,25.671,16.093,25.009,16.15,24.266,13.49,24.49,14.633,24.208,17.655,24.676,13.22,25.053,16.324,25.453,15.448,24.51,14.291,24.338,14.666,26.501,15.007,25.383,16.059,25.18,12.726,24.658,17.19,26.151,16.481,25.498,15.199,24.801,14.218,25.81,15.774,24.316,12.779,25.804,17.816,24.794,14.636,25.318,12.773,24.85,17.904,23.917,18.167,24.544,15.244,24.653,17.179,23.144,17.687,25.507,13.931,24.61,13.955,24.856,17.367,25.297,13.558,25.681,11.744
"Jan 1, 2012",24.531,15.021,21.564,14.321,25.937,16.302,23.876,14.27,22.835,17.121,22.674,16.497,21.27,12.634,23.42,14.081,22.512,17.008,24.556,16.454,24.554,17.104,23.225,17.083,22.489,13.59,24.955,14.95,21.597,13.855,22.566,15.642,24.692,15.441,21.715,12.307,23.554,15.159,23.352,14.957,23.352,14.957,23.893,14.384,22.561,13.253,24.517,16.655,23.728,16.792,22.945,15.221,23.457,14.732,22.89,15.371,21.4,12.494,23.561,14.737,22.877,16.541,20.106,12.121,23.678,15.581,22.66,15.638,23.623,14.252,24.389,15.183,24.479,13.947,23.781,15.152,22.257,13.663,24.183,16.307,24.808,15.303,23.87,15.026,23.213,14.433,23.221,14.514,18.275,12.12,24.28,16.659,23.377,14.528,18.571,12.16,24.37,17.187,23.27,16.554,23.615,14.943,23.045,16.054,23.419,17.578,22.969,13.099,23.302,13.982,21.422,15.335,23.757,13.919,20.661,12.037
"Jan 9, 2012",20.532,12.858,19.876,10.994,22.814,12.529,21.322,12.114,19.469,14.086,19.996,13.844,22.058,10.822,21.836,12.101,19.329,13.673,22.655,12.206,21.471,12.999,20.649,14.281,21.773,10.542,20.329,13.182,19.596,11.093,19.463,11.485,20.762,13.128,22.925,10.261,19.588,12.571,20.397,12.8,20.397,12.8,19.765,13.061,21.752,11.084,19.925,13.311,20.56,12.725,19.667,11.947,20.551,11.574,19.892,13.566,21.577,11.401,19.325,11.275,20.221,13.841,21.551,11.396,19.96,13.137,19.893,12.53,19.588,11.763,19.313,11.204,20.473,12.044,19.822,12.983,20.347,10.806,20.007,13.625,20.476,13.646,20.355,12.995,20.7,11.24,21.689,13.179,21.66,11.086,21.053,13.475,19.519,11.543,22.507,11.037,21.454,13.36,20.23,13.101,19.262,12.038,20.39,12.305,19.602,14.282,22.317,11.688,20.785,11.141,20.852,13.717,20.65,11.339,22.159,10.739
"Jan 17, 2012",22.468,13.858,20.369,12.358,23.956,14.165,21.06,12.567,21.245,16.052,21.324,14.941,19.148,11.216,20.301,13.28,21.079,15.326,22.998,13.816,23.172,14.409,22.213,15.015,19.616,12.233,22.492,14.776,20.267,11.937,21.498,13.816,22.397,14.845,19.547,10.793,21.525,13.583,21.501,13.761,21.501,13.761,21.743,14.257,19.744,12.586,21.958,16.036,22.115,14.453,21.883,14.356,22.161,13.236,20.993,14.666,19.669,11.514,20.903,12.644,21.658,14.625,18.762,11.145,21.559,14.022,21.821,14.262,21.859,13.098,21.127,12.865,21.434,12.991,21.091,13.298,19.405,12.498,21.878,15.071,22.511,14.489,22.148,14.234,20.451,12.582,21.111,13.868,18.727,10.934,22.705,14.699,21.211,13.056,19.89,10.822,23.345,14.729,21.769,14.546,21.315,13.461,21.421,14.305,21.533,16.597,19.895,13.047,20.991,12.867,20.41,13.741,20.927,12.88,19.731,10.279
"Jan 25, 2012",23.408,13.258,22.755,12.226,25.421,13.317,23.797,12.633,21.587,15.076,21.978,14.333,22.382,11.375,22.619,13.638,21.287,14.549,24.257,12.974,23.128,13.723,22.779,14.697,22.664,12.277,23.162,14.066,22.484,11.91,22.746,12.736,23.175,13.961,23.117,10.855,22.862,12.39,23.128,13.109,23.128,13.109,23.263,13.483,22.719,12.336,22.627,14.855,22.54,13.5,22.893,13.247,23.946,11.833,22.064,14.5,22.06,11.598,22.639,12.063,22.745,14.096,22.38,11.462,22.673,13.356,22.711,13.064,23.343,11.674,22.599,12.523,23.869,12.029,22.133,12.591,22.294,12.763,22.79,13.86,23.135,14.118,22.74,13.802,22.687,12.212,22.732,14.539,22.404,11.323,23.619,13.69,23.022,12.146,23.347,10.897,23.539,13.941,22.243,13.798,22.718,12.183,22.708,13.202,21.947,15.695,22.665,13.024,22.959,12.619,22.359,14.048,23.095,12.572,22.991,9.435
"Feb 2, 2012",24.589,15.23,23.683,14.048,26.568,14.643,23.879,13.977,22.993,16.148,23.151,15.683,22.515,14.151,23.562,15.874,22.747,15.626,25.362,14.308,25.479,14.783,24.656,15.825,23.461,14.461,23.735,15.998,23.808,13.811,24.253,14.499,23.813,16.09,23.124,13.659,24.451,14.04,24.192,15,24.192,15,24.099,15.272,22.905,14.851,24.308,16.453,23.623,15.153,24.557,15.07,25.233,13.597,22.839,16.384,22.598,14.16,23.965,13.808,24.308,15.565,22.296,13.472,23.99,15.054,24.368,14.899,24.641,13.952,23.857,14.252,24.724,13.842,23.207,14.075,23.212,14.803,24.458,15.323,24.196,15.723,23.669,15.809,23.849,14.184,23.187,16.486,22.226,13.566,25.492,14.993,24.257,14.235,23.242,12.498,25.803,15.03,23.522,15.124,24.071,14.167,23.878,14.696,23.282,16.694,23.081,15.455,23.738,14.914,22.365,15.394,24.102,14.907,23.207,11.786
"Feb 10, 2012",24.713,15.082,23.245,14.873,27.531,16.33,25.494,13.354,22.993,16.739,23.404,16.079,21.875,15.044,23.018,15.785,22.73,16.239,27.194,16.38,25.927,15.586,24.214,17.007,23.183,14.861,23.82,15.948,23.092,15.34,23.354,14.958,24.427,16.208,21.986,14.509,24.541,13.65,24.237,14.558,24.237,14.558,24.467,14.815,22.854,14.901,24.057,16.452,24.096,15.79,23.94,15.376,26.579,14.595,22.325,15.818,22.389,14.901,23.293,14.139,24.286,15.838,21.451,14.312,24.361,14.969,24.156,15.014,24.44,14.353,23.291,14.729,25.988,13.485,23.666,13.724,22.995,15.429,24.274,15.416,24.604,15.613,23.846,15.694,22.946,14.079,22.64,16.081,20.809,14.64,25.493,15.324,24.044,14.345,21.794,13.196,26.101,15.689,23.457,15.795,24.03,14.053,25.255,15.897,23.174,17.357,22.474,15.112,23.429,15.129,22.975,14.476,23.39,14.8,21.719,12.783
"Feb 18, 2012",28.786,16.922,27.045,16.551,29.808,17.361,28.036,14.62,26.839,18.978,27.482,17.75,25.619,16.462,26.775,17.414,27.084,18.527,29.667,16.826,30.503,18.073,27.937,19.116,26.542,17.473,26.629,17.556,27.279,16.051,28.015,16.807,27.294,18.013,25.667,16.626,29.343,15.621,28.055,16.23,28.055,16.23,27.536,16.272,26.503,16.849,27.903,18.551,28.562,17.525,28.446,17.183,28.562,15.544,25.418,17.044,25.753,16.084,27.972,15.797,27.608,17.84,25.086,15.932,29.062,16.694,28.635,16.695,28.115,16.521,27.913,16.509,28.933,15.006,27.391,15.617,26.4,17.389,28.508,17.085,27.75,17.395,26.97,17.201,26.789,16.065,25.711,17.242,25.024,16.418,28.626,17.05,28.068,16.272,26.001,15.298,30.458,17.987,28.183,17.545,28.371,15.686,27.346,16.783,26.897,19.749,26.007,17.182,27.04,17.397,25.566,15.622,27.29,16.971,25.45,14.886
"Feb 26, 2012",28.212,18.079,27.938,15.964,28.893,19.391,27.425,14.753,26.236,20.582,26.774,19.961,25.63,15.712,26.012,16.906,25.847,20.245,29.75,17.391,29.057,19.818,26.84,21.089,26.687,17.572,25.913,18.288,27.809,15.145,27.806,16.367,26.508,19.379,25.347,16.005,29.092,16.569,27.815,17.132,27.815,17.132,26.824,16.534,26.54,16.495,27.284,18.914,27.417,19.556,28.455,17.128,27.713,17.206,24.463,17.014,26.012,15.183,28.582,15.502,26.561,20.242,24.464,14.668,28.162,18.55,28.815,17.326,28.506,17.319,28.214,15.845,28.294,15.295,26.925,17.638,26.472,16.504,28.007,18.257,27.395,18.847,26.16,17.932,27.483,15.462,24.914,16.597,24.28,15.194,27.744,19.68,29.135,16.197,26.181,13.882,29.16,19.955,26.787,19.651,29.565,16.113,27.391,17.38,26.494,21.042,25.467,16.746,27.378,17.136,24.552,15.091,27.274,17.025,25.066,14.351
"Mar 5, 2012",30.152,20.138,28.334,18.563,30.797,20.816,28.652,18.583,27.58,21.9,28.745,21.484,26.472,16.206,27.841,18.589,27.766,21.559,28.606,19.029,30.176,21.527,27.799,22.031,27.283,18.685,27.598,20.678,28.187,17.805,28.569,19.382,28.129,21.157,25.983,16.773,31.157,19.962,29.803,19.666,29.803,19.666,29.202,19.596,27.616,17.57,28.363,21.102,29.356,21.537,29.194,20.152,30.264,19.186,26.187,19.986,27.109,15.678,29.408,18.569,28.089,21.208,26.548,15.329,31.163,20.978,30.074,20.151,29.509,19.683,29.206,18.717,30.057,19.103,29.212,20.207,26.52,17.917,29.832,20.757,28.694,20.524,27.881,20.293,28.198,17.914,26.87,18.764,26.119,15.992,29.244,20.962,29.432,18.709,28.538,14.944,29.785,21.654,28.822,21.47,30.31,19.412,28.454,19.637,27.53,22.245,27.034,17.488,27.455,18.65,27.246,18.333,28.434,18.73,26.894,15.798
"Mar 13, 2012",28.145,19.3,27.397,18.802,29.842,19.681,27.382,17.601,27.276,20.861,27.705,20.18,26.655,18.322,25.914,18.239,26.87,20.774,29.765,18.357,30.854,20.993,27.69,21.647,26.032,19.385,26.317,17.157,27.794,18.03,29.301,18.806,26.701,18.796,25.684,18.301,30.765,19.395,27.47,18.528,27.47,18.528,27.122,16.923,26.589,18.729,28.32,19.998,28.962,20.312,29.75,19.316,29.147,17.8,24.615,17.167,27.958,17.961,28.818,18.574,26.847,20.384,26.8,17.705,29.726,19.472,30.54,19.75,28.188,19.244,28.93,18.644,28.835,17.973,28.167,18.979,26.105,18.574,30.133,20.014,27.039,19.289,26.241,18.006,27.35,18.163,24.799,17.166,25.968,18.121,28.822,19.728,28.424,18.986,27.749,17.2,30.257,20.888,28.192,20.352,30.022,19.404,28.148,18.532,27.278,21.422,25.362,18.407,26.542,19.062,25.398,17.002,26.639,19.035,26.635,17.638
"Mar 21, 2012",30.91,22.17,30.314,20.035,30.034,23.182,28.19,20.538,28.857,23.839,29.121,23.427,28.08,19.977,28.439,21.065,28.759,23.566,30.473,21.45,31.082,23.772,28.253,24.032,28.092,20.472,28.969,22.628,30.752,19.502,31.404,19.933,29.134,23.428,27.831,19.62,32.798,21.965,30.777,21.728,30.777,21.728,29.226,21.851,28.489,20.386,29.951,22.526,29.419,23.704,31.197,21.104,30.163,22.164,27.408,21.403,28.505,19.564,32.289,19.681,28.159,23.663,27.622,19.231,32.009,22.889,31.983,21.806,31.096,20.96,31.962,19.542,30.087,21.357,30.48,22.407,28.284,19.961,31.548,22.596,29.998,22.96,29.096,22.383,31.004,19.192,26.875,20.95,27.122,19.908,29.637,23.318,32.197,19.933,28.841,18.94,30.694,23.747,29.583,23.603,33.287,20.898,29.596,22.023,28.98,24.118,27.412,20.492,29.239,20.001,26.966,20.552,29.535,20.513,28.553,19.398
"Mar 29, 2012",31.708,22.418,31.403,21.766,32.278,23.221,30.72,21.274,29.217,22.924,29.57,22.694,29.204,20.363,29.015,22.25,29.076,22.92,32.992,22.211,31.967,23.461,29.178,23.846,29.27,21.792,29.565,22.365,31.093,20.874,33.005,21.883,29.705,22.556,28.405,20.237,34.288,22.291,31.605,22.109,31.605,22.109,30.733,22.144,30.307,21.579,30.144,22.31,30.114,22.799,32.453,22.202,33.123,22.424,28.076,22.022,30.93,20.121,33.91,21.668,28.789,23.112,29.379,19.622,32.185,22.323,33.131,22.176,31.87,21.674,34.186,21.692,31.797,21.59,31.764,22.233,29.476,20.823,32.347,22.374,30.602,22.939,29.651,22.612,32.71,21.771,27.835,22.093,27.654,19.927,30.886,22.614,33.597,21.487,30.107,19.468,31.749,23.5,29.776,22.847,34.949,22.013,31.943,22.676,28.983,23.13,28.721,21.912,30.532,21.927,28.538,21.43,30.722,21.754,29.443,19.56
"Apr 6, 2012",26.208,19.02,26.658,19.489,27.462,18.356,24.949,18.2,28.281,22.571,25.658,21.221,24.782,18.622,23.025,18.578,27.273,22.137,29.242,17.904,29.175,22.328,26.413,21.693,23.983,19.07,25.07,18.97,27.094,19.592,29.576,19.982,26.018,19.499,24.167,18.978,26.033,20.046,25.917,18.426,25.917,18.426,23.939,18.281,24.292,18.779,27.413,20.759,27.684,21.864,28.549,20.569,26.974,17.401,22.91,18.272,24.901,19.247,28.531,19.758,25.742,20.245,25.602,18.354,25.083,20.049,27.573,20.327,25.166,19.006,29.373,19.994,23.724,18.198,25.781,19.598,25.555,19.394,27.899,20.627,26.282,19.56,24.953,19.029,26.271,19.234,22.316,18.003,25.822,17.909,26.988,19.363,27.142,19.249,27.602,19.234,28.526,21.999,26.867,21.919,27.087,19.908,26.793,17.284,28.205,23.042,22.525,19,25.04,19.097,22.928,17.645,25.196,18.576,25.109,20.407
"Apr 14, 2012",30.41,22.264,31.682,24.008,29.801,23.898,27.397,24.167,30.676,24.19,28.712,25.074,27.258,22.257,27.041,22.785,29.972,24.732,31.566,22.878,30.56,24.206,27.537,24.905,28.708,22.626,28.837,23.11,31.514,23.68,33.879,24.907,29.552,23.214,28.407,21.697,33.478,23.806,29.551,22.424,29.551,22.424,28.597,23.873,28.062,22.093,31.637,24.89,29.334,25.156,32.992,24.697,31.372,22.332,27.437,22.853,26.819,22.35,34.086,24.824,28.271,24.518,26.896,22.154,30.705,24.342,33.474,24.608,30.563,22.711,34.172,25.069,28.323,24.767,29.686,22.648,29.81,22.83,32.632,24.742,29.702,22.299,28.025,22.783,33.249,23.833,26.319,22.454,26.998,21.429,29.334,24.165,33.434,24.1,27.901,21.279,29.518,24.75,29.73,25.061,34.007,24.098,30.394,22.794,30.604,24.745,26.647,22.08,29.777,22.831,26.516,22.495,28.897,22.825,28.79,21.365
"Apr 22, 2012",31.467,24.41,33.984,24.409,29.902,24.248,24.87,22.414,31.633,24.504,31.022,24.709,29.984,22.803,29.206,24.045,31.785,24.809,33.082,23.022,32.637,24.965,28.956,24.636,29.502,23.89,29.08,24.2,35.044,23.499,35.158,24.235,29.877,24.466,30.353,22.253,35.847,25.314,30.868,24.572,30.868,24.572,28.484,24.294,28.731,23.291,33.442,25.021,31.318,24.668,34.567,25.107,30.261,23.338,28.477,24.475,29.295,22.691,36.049,25.045,29.436,24.671,29.492,22.155,33.206,24.536,35.339,25.226,32.646,24.36,35.294,24.211,27.012,23.997,30.258,24.272,32.115,23.28,35.686,25.964,29.802,24.574,29.324,24.381,34.992,24.92,27.309,23.785,29.359,21.99,30.065,24.808,35.593,24.621,30.064,22.324,31.308,24.646,32.123,24.734,35.784,24.574,29.876,23.332,31.74,24.534,27.766,23.117,30.806,24.236,26.41,22.954,30.779,24.091,31.864,21.905
"Apr 30, 2012",30.523,23.14,32.424,22.521,30.301,23.576,29.877,24.619,30.477,24.604,30.002,24.746,29.926,21.016,30.106,22.748,30.214,25.005,30.477,21.783,30.575,25.564,28.98,25.054,29.454,22.138,30.196,24.153,32.909,22.454,31.374,23.34,30.112,24.365,29.485,21.277,30.051,23.784,31.468,23.795,31.468,23.795,31.315,24.524,30.916,21.642,31.384,23.677,29.871,25.604,30.412,23.742,30.214,22.509,29.364,24.425,29.645,21.412,32.747,23.264,29.788,24.774,29.559,21.11,30.094,24.066,30.659,23.882,29.461,23.033,32.561,23.281,31.024,24.368,30.281,23.82,31.73,22.117,31.084,24.508,30.968,23.522,29.931,23.479,32.715,22.646,29.543,23.595,29.006,20.635,30.413,24.389,31.851,23.37,30.012,21.293,30.117,24.747,30.485,25.439,30.555,23.908,29.09,22.392,30.583,24.876,30.878,21.788,29.564,22.351,30.124,24.788,29.448,22.226,30.559,22.032
"May 8, 2012",32.412,25.26,34.471,25.724,30.683,24.049,31.134,25.639,30.445,25.065,29.722,24.917,29.466,24.787,31.081,25.542,30.085,24.769,28.94,22.207,31.364,24.614,29.314,25.056,31.289,25.439,31.297,24.941,35.651,25.131,35.035,25.021,31.938,25.728,29.858,24.815,30.991,24.191,32.065,25.489,32.065,25.489,30.582,25.6,30.55,25.191,33.668,25.111,29.862,24.82,33.97,24.83,29.909,22.852,29.963,25.428,30.557,25.329,34.612,25.683,30.729,25.086,29.498,23.929,30.745,23.932,32.734,25.116,30.968,25.089,35.47,26.946,31.014,25.902,30.467,24.48,33.915,25.006,31.582,24.838,31.095,25.744,31.602,24.687,33.893,25.499,30.423,25.637,29.053,23.476,31.831,24.877,32.8,25.659,31.498,24.6,30.566,24.873,30.314,24.511,31.738,25.411,28.587,22.734,31.125,25.295,31.195,25.743,31.467,25.416,30.044,25.824,31.918,25.288,30.826,24.362
"May 16, 2012",31.279,23.142,33.097,26.718,27.233,22.867,26.218,24.595,29.974,22.921,28.808,23.465,28.076,21.621,27.207,21.765,28.963,23.027,27.788,21.047,29.906,23.132,27.438,24.037,28.36,25.526,27.432,23.067,34.74,26.831,33.058,23.281,30.654,22.716,28.262,21.973,29.366,23.592,31.451,22.253,31.451,22.253,25.419,23.977,27.365,22.409,33.406,23.282,29.038,24.005,32.711,23.406,27.401,21.426,26.012,22.027,27.9,23.231,32.502,23.997,29.614,23.153,27.932,22.142,29.7,23.222,32.075,23.034,29.312,23.091,33.937,23.826,25.863,24.731,29.623,23.546,32.099,26.042,32.229,23.39,28.937,23.08,29.427,21.673,31.915,25.732,26.302,21.224,27.811,21.462,28.536,23.353,31.117,24.141,28.179,21.928,28.293,23.941,28.808,23.03,29.92,23.543,26.969,21.761,30.489,23.047,27.697,22.091,29.136,24.377,26.209,23.789,29.337,23.708,27.787,22.428
"May 24, 2012",31.35,24.761,35.78,26.243,29.801,24.478,29.637,23.856,30.274,24.569,30.301,24.789,29.039,25.052,29.021,23.219,29.789,24.62,28.665,23.263,31.226,24.978,28.57,24.418,30.891,23.347,30.368,23.086,36.825,26.975,34.71,23.642,31.731,23.797,30.325,25.368,29.574,24.179,30.2,24.452,30.2,24.452,28.95,21.948,29.435,23.274,32.744,24.595,29.736,25.059,33.981,24.178,30.319,24.128,26.67,22.74,29.49,23.65,34.687,24.07,30.306,24.635,29.497,24.427,30.486,24.081,32.426,24.357,29.792,23.828,34.828,23.985,27.13,23.091,30.682,24.177,35.676,24.587,31.255,24.341,30.817,24.967,30.316,24.26,34.41,22.995,26.436,22.278,29.713,25.533,30.118,24.635,33.641,24.663,29.936,25.382,30.729,24.424,30.254,24.952,30.832,24.329,28.73,23.932,30.387,24.485,29.899,23.642,31.113,23.665,26.619,22.713,29.332,23.854,31.75,25.661
"Jun 1, 2012",26.528,23.29,33.817,,28.363,22.264,,24.107,31.798,22.88,28.154,22.163,25.19,21.332,23.444,23.125,30.776,21.984,29.437,20.745,29.764,22.451,26.359,22.567,27.452,,23.055,23.866,36.568,25.185,35.74,22.096,26.89,22.91,27.194,21.686,28.651,21.942,,,,,19.541,23.417,26.634,22.28,34.684,22.087,29.158,22.421,35.077,21.75,27.418,21.673,21.697,23.962,23.158,20.791,31.635,22.564,24.785,22.851,25.032,20.148,25.288,22.913,32.965,21.969,27.446,22.278,35.217,23.494,,23.61,25.562,23.9,34.743,,33.59,23.264,22.389,23.779,27.027,23.765,32.958,,21.869,23.505,24.605,20.209,27.918,22.454,31.66,22.445,,16.739,27.922,22.236,29.646,21.709,29.909,22.892,27.84,21.679,32.326,22.584,24.42,21.447,27.994,,20.84,23.981,25.849,,28.291,21.982
"Jun 9, 2012",31.863,24.47,31.271,24.125,27.516,22.741,28.099,22.908,30.875,24.167,29.038,23.435,27.466,22.821,28.918,24.332,29.226,23.592,27.321,22.469,29.935,23.645,28.484,23.631,30.375,24.496,29.374,23.306,32.722,23.876,33.802,23.332,30.882,23.619,29.377,23.148,29.823,23.853,30.138,22.643,30.138,22.643,29.091,22.806,28.335,23.781,33.418,24.402,29.407,23.296,33.39,24.29,27.268,22.278,27.815,22.738,24.617,22.735,31.202,23.756,29.383,23.559,,23.353,30.978,22.844,31.909,24.42,28.788,,33.113,24.087,28.802,22.29,29.676,22.758,32.407,24.917,33.182,24.45,29.5,24.574,30.243,21.039,31.415,24.637,26.644,21.456,26.433,22.873,29.459,23.485,26.567,24.276,26.869,22.782,30.743,23.538,28.922,23.061,28.579,23.241,28.152,22.17,31.043,24.439,28.175,23.768,28.441,24.009,26.245,21.036,28.841,,30.245,22.792
"Jun 17, 2012",26.11,,24.735,,26.807,,27.051,,,,,,18.265,,,,,,26.602,,22.764,,26.457,,25.612,,,,34.664,,29.446,,23.252,,,,28.733,,27.116,,27.116,,26.554,,23.22,,,,,,30.63,,26.416,,21.942,,27.167,,26.487,,27.635,,27.321,,,,29.933,,27.415,,28.887,,27.989,,,,,,28.354,,,,27.544,,27.322,,20.951,,,,23.807,,27.369,,30.593,,28.041,,,,28.871,,25.614,,,,,,24.869,,,,26.221,,,
"Jun 25, 2012",28.149,23.95,30.338,22.303,28.401,24.551,28.891,21.209,27.663,25.639,26.877,24.545,29.056,22.153,28.435,21.33,26.641,26.104,27.963,21.242,26.789,25.569,27.142,24.483,28.841,21.457,27.674,24.002,27.024,22.901,29.914,24.737,28.717,24.689,30.95,23.581,27.613,22.718,28.212,22.477,28.212,22.477,27.786,23.881,27.101,22.134,29.796,24.493,27.01,25.837,27.297,24.663,27.928,23.88,25.692,22.863,25.442,17.861,28.41,24.655,27.834,24.491,27.478,21.17,27.335,23.902,23.04,24.136,24.933,22.873,,24.857,29.37,19.848,27.309,23.294,30.311,21.934,27.276,24.278,28.034,23.138,27.81,22.822,30.538,22.574,25.83,19.064,28.567,11.502,28.963,24.692,27.137,24.234,29.07,,27.098,25.227,27.03,25.646,26.264,22.681,27.646,24.786,28.053,25.535,29.272,19.39,25.905,22.662,26.581,,28.002,22.976,23.979,23.793
"Jul 3, 2012",28.203,,25.494,,27.092,,20.607,,21.929,,26.036,,6.023,,27.858,,22.05,,27.29,21.215,27.528,,26.599,,26.243,,26.054,,26.486,,27.21,,26.988,,10.458,,26.619,,28.2,,28.2,,26.835,,25.504,,27.26,,27.73,,18.97,,26.783,,24.486,,22.165,,26.222,,26.833,,23.994,,25.888,,25.828,,26.019,,26.957,,23.622,,26.466,,-0.03,,25.224,,27.34,,27.114,,25.441,,24.231,,25.06,,26.371,,24.975,,,,27.063,,26.188,,24.484,,26.244,19.813,27.834,,25.774,,25.72,,23.944,,,,,
"Jul 11, 2012",26.58,,30.82,,,,25.607,,28.499,,27.806,,,,24.163,,,,24.246,,,,,,26.692,,25.08,,,,30.131,,23.226,,,,27.89,,27.108,,27.108,,24.627,,26.999,,28.474,,,,30.702,,,,23.008,,,,28.848,,,,,,26.209,,28.605,,27.203,,29.615,,27.833,,26.019,,,,27.893,,26.514,,26.215,,,,23.065,,,20.07,,,28.178,,,,,,,,27.77,,25.765,17.411,28.592,,,,26.983,,24.458,,26.811,,-10.876,
"Jul 19, 2012",25.77,25.83,28.365,,28.107,25.06,28.361,,26.137,,26.111,25.563,,,27.736,,25.064,25.253,26.73,,28.13,,21.671,25.161,23.746,,26.826,26.903,28.257,,28.984,,,26.525,,,25.788,,29.728,25.809,29.728,25.809,26.747,26.088,24.041,,28.65,,26.886,,29.187,25.342,28.589,23.603,22.169,26.74,24.043,,25.901,25.099,25.018,25.329,24.624,,26.01,25.643,26.029,,25.005,25.343,27.65,,26.522,,,26.218,26.061,,25.861,,26.21,26.343,26.346,26.097,27.791,,22.117,26.717,7.931,,27.967,25.53,26.228,25.868,,,27.167,,26.011,24.957,25.81,25.124,25.23,24.783,26.671,25.77,,,23.927,,21.251,27.018,26.312,26.103,,
"Jul 27, 2012",26.11,15.61,25.62,25.27,20.036,,26.647,,26.135,,26.473,,31.934,26.121,29.224,,25.069,,26.516,,24.187,,25.973,,25.947,26.605,23.32,,28.751,24.964,27.753,,,,,26.36,26.292,,27.485,,27.485,,23.848,,24.854,26.978,27.32,,24.175,,26.284,,17.24,,22.511,,27.299,26.659,27.974,,25.843,,28.551,25.198,25.882,,27.766,,27.827,,26.768,,25.452,,26.743,,25.67,25.303,26.378,,23.196,,27.378,,28.678,,26.025,,29.039,25.08,26.785,,27.592,,31.182,25.531,24.73,,23.847,,27.643,,22.819,13.931,25.999,25.567,28.823,26.414,26,27.03,26.145,,26.211,,,25.463
"Aug 4, 2012",26.988,,28.128,,27.014,,30.696,,25.884,,24.89,,28.573,,29.015,,26.25,,28.063,,,,26.816,,27.373,,26.962,,25.958,,28.813,,26.523,,,,27.236,,28.289,,28.289,,28.78,,27.775,,28.779,,23.097,,28.651,,27.047,,26.724,,28.343,,27.755,,27.484,,29.041,,27.012,,27.561,,26.017,,27.049,,29.544,,27.407,,28.479,25.999,28.031,,26.913,,27.275,,27.816,,27.711,,30.981,,27.984,,27.334,,,24.891,,,23.093,,26.467,,26.207,,26.61,,28.74,,26.287,,27.861,,27.077,,,
"Aug 12, 2012",29.135,,28.762,,29.671,,29.148,,28.379,25.252,27.085,25.682,29.706,26.614,26.904,,28.035,24.964,28.471,22.317,28.603,24.64,28.364,25.346,28.242,,27.394,25.39,28.477,,27.555,24.98,28.703,26.56,30.162,26.592,28.051,,28.059,,28.059,,25.929,,27.236,,28.598,24.676,27.797,25.397,28.048,25.318,29.597,24.79,25.28,,28.059,26.343,27.547,25.32,27.516,25.653,27.421,26.317,28.435,,28.097,25.129,27.504,,29.063,,28.623,,28.902,,28.859,,28.404,,28.022,,27.479,26.072,28.257,,25.353,,29.275,26.077,27.99,25.71,27.904,,30.6,26.396,29.595,25.3,27.574,24.678,27.081,25.373,28.323,24.353,28.649,25.477,28.511,,28.424,,25.609,,27.915,,29.519,26.941
"Aug 20, 2012",19.83,25.79,28.432,25.679,27.384,24.949,30.768,25.417,26.62,25.113,23.228,,29.948,,,25.59,24.789,24.282,27.292,22.497,23.292,24.333,25.549,24.058,28.604,25.757,24.974,,28.351,,,25.183,,26.12,29.489,,27.261,25.703,27.237,25.608,27.237,25.608,29.758,25.681,28.273,25.589,25.837,,,25.096,27.405,25.184,28.127,,19.452,25.671,28.479,25.995,26.688,25.319,23.131,,29.307,,,25.08,27.008,25.055,20.501,25.55,26.808,25.103,30.711,25.985,,25.5,28.397,25.902,27.052,25.288,26.62,24.978,26.616,,27.681,25.965,12.192,25.606,29.311,,26.368,25.208,25.653,26.034,29.081,,26.188,24.764,18.619,24.855,,25.813,27.378,,26.797,25.733,28.385,25.707,26.419,25.733,27.931,25.903,22.05,25.275,28.958,
"Aug 28, 2012",27.75,,28.65,25.945,27.899,25.817,26.809,,26.919,25.167,26.888,,26.815,25.804,28.259,,26.156,25.105,26.298,20.041,24.148,25.157,25.512,25.689,24.089,25.353,25.499,26.53,26.936,26.181,27.805,,28.09,,26.374,26.146,28.961,25.595,25.475,,25.475,,28.269,26.368,23.532,25.243,27.145,26.028,27.957,,26.673,,27.837,,24.704,,26.103,25.096,29.554,25.852,28.604,26.241,24.348,25.6,27.725,,29.723,25.63,26.196,25.469,27.984,,29.131,25.545,27.945,,28.431,25.934,28.269,26.45,28.086,,27.026,,28.342,26.718,23.708,,26.155,25.8,27.869,26.294,24.461,25.9,28.624,26.477,26.37,25.493,29.344,,30.021,25.75,25.685,,26.246,25.677,29.57,,28.853,26.099,24.816,,29.701,,27.084,25.994
"Sep 5, 2012",26.812,26.301,31.983,26.103,26.29,,32.648,27.109,24.725,25.4,26.236,,32.668,24.8,32.611,26.988,24.156,25.484,27.084,20.255,25.998,,26.867,,32.578,26.629,28.125,27.047,31.168,26.195,31.715,25.586,26.619,26.821,32.395,26.958,27.089,25.51,31.007,26.352,31.007,26.352,32.453,26.627,33.115,26.477,25.563,25.717,26.128,,31.481,25.925,27.243,,30.175,27.355,31.331,21.818,32.843,26.315,26.122,,31.975,25.23,27.79,25.817,31.807,26.12,28.581,25.91,32.775,25.724,32.818,26.166,26.631,26.253,31.76,26.519,27.075,26.077,26.371,26.872,26.815,26.764,32.603,26.379,32.447,27.359,32.28,22.49,26.419,,32.31,26.72,32.573,25.94,26.242,,25.296,,31.837,26.157,27.89,19.194,25.147,25.427,32.777,26.046,31.898,26.991,30.473,27.339,32.949,26.402,32.022,26.697
"Sep 13, 2012",22.57,24.77,24.624,,28.238,24.406,27.592,,26.682,24.273,26.068,24.867,27.057,,27.564,,25.007,24.324,26.341,,26.788,25.236,25.897,25.02,26.334,,24.999,24.865,26.582,,26.995,24.544,24.768,24.811,28.345,,27.379,,25.919,,25.919,,26.508,,24.778,,26.867,,27.774,25.2,26.632,25.544,27.463,22.87,24.458,25.665,20.442,,25.686,25.027,26.064,24.942,,,26.465,,25.905,,25.04,,27.348,24.712,27.337,26.344,21.306,24.743,26.565,,27.533,,23.409,,24.164,,26.113,,24.872,,25.273,,26.493,25.067,26.307,24.902,,,26.938,24.961,26.176,24.858,24.545,,26.439,23.236,27.722,24.776,,,25.823,24.735,23.717,,25.852,,,
"Sep 21, 2012",27.638,25.27,29.264,25.734,29.882,24.237,29.7,,28.922,25.744,26.964,25.527,28.356,24.122,27.699,25.379,28.023,25.484,28.164,19.25,28.619,25.389,26.728,25.247,28.569,25.578,29.267,25.976,29.209,25.667,31.037,24.881,29.786,25.601,28.021,24.936,28.593,25.393,27.805,25.057,27.805,25.057,30.159,26.53,27.636,25.658,29.166,25.475,27.376,25.39,29.786,25.092,29.465,23.564,25.664,26.593,26.324,23.508,29.467,25.222,27.256,25.386,28.07,24.645,28.677,25.563,29.402,25.314,27.147,25.094,31.538,24.959,29.951,25.208,27.947,25.717,28.58,26.394,29.433,26.102,28.13,25.772,27.934,25.477,30.475,24.993,27.267,26.707,28.138,24.278,27.97,25.239,29.294,25.443,28.431,24.883,27.999,25.694,27.755,25.378,28.69,24.896,28.368,23.346,29.217,25.909,28.847,26.08,28.518,26.202,27.298,27.216,27.686,25.632,28.099,24.943
"Sep 29, 2012",28.411,25.73,29.646,24.73,28.009,24.409,25.236,25.79,28.691,24.785,27.339,25.656,28.549,25.045,27.857,24.648,27.612,25.011,26.388,22.85,27.259,25.911,27.717,25.342,28.774,24.434,26.938,26.287,30.227,25.656,30.472,23.81,28.01,25.672,27.773,24.46,28.705,26.658,28.217,25.391,28.217,25.391,25.772,25.368,28.126,24.879,29.643,24.388,27.536,25.476,29.668,24.042,26.423,23.223,25.054,25.983,25.724,25.307,29.071,23.545,28.652,25.217,28.509,24.503,28.994,26.122,31.147,25.051,27.914,25.838,31.573,23.519,25.073,24.885,28.601,25.818,28.927,24.966,28.27,26.702,29.439,26.048,28.527,25.456,29.089,24.289,26.663,25.595,27.735,24.399,27.683,25.14,28.985,24.747,28.309,24.767,27.229,25.83,28.148,25.103,29.43,25.554,25.823,23.29,29.039,25.899,28.604,24.655,27.204,25.025,24.778,26.171,27.483,24.586,26.927,24.524
"Oct 7, 2012",30.275,24.476,29.06,23.679,28.322,22.851,27.996,24.331,27.278,24.46,27.019,24.784,28.618,23.203,29.173,23.846,26.238,23.72,27.4,21.131,27.238,24.561,26.004,23.798,27.765,24.562,27.797,24.548,27.836,23.758,29.087,22.654,28.008,23.463,28.203,23.554,28.937,24.623,29.27,23.706,29.27,23.706,28.522,23.402,28.709,24.449,27.983,23.703,26.69,24.089,27.87,23.722,27.856,20.367,27.303,24.354,27.527,23.568,28.68,23.489,26.751,23.046,28.161,23.513,29.393,25.011,28.693,24.327,27.714,24.558,29.933,22.574,28.369,22.671,28.553,24.517,27.688,23.509,28.428,24.871,28.997,24.588,28.593,23.766,29.137,23.802,28.29,23.656,28.354,23.427,27.326,23.05,28.601,24.855,28.471,23.784,26.11,24.013,26.305,23.896,28.747,24.754,27.495,20.677,27.694,24.82,28.191,23.652,28.685,24.674,27.648,24.114,28.835,23.984,28.567,23.53
"Oct 15, 2012",30.029,23.978,29.28,22.926,28.634,24.689,28.502,24.748,27.87,23.813,27.846,24.567,28.602,22.349,28.287,23.507,27.908,23.726,28.407,23.254,27.866,24.534,27.802,24.739,28.687,22.672,28.972,25.576,29.631,22.533,31.109,22.182,29.191,25.096,28.466,22.118,29.207,23.847,28.958,23.76,28.958,23.76,29.143,24.867,29.33,23.253,28.698,23.208,28.064,24.242,29.314,22.547,28.015,23.403,27.751,25.622,27.918,23.09,29.085,22.856,28.046,24.444,28.735,22.264,29.964,24.083,29.092,23.285,28.956,23.671,30.954,22.116,28.269,24.373,28.95,24.364,28.616,22.968,28.846,24.212,29.821,24.702,29.112,24.469,29.321,23.293,28.002,24.946,28.735,22.054,28.519,25.028,28.872,24.169,28.791,22.176,27.774,24.714,27.996,23.995,28.974,23.611,27.521,23.776,28.251,23.898,28.752,23.259,28.736,23.687,27.847,25.979,28.754,23.4,29.199,21.904
"Oct 23, 2012",30.087,22.017,29.017,20.634,28.975,21.682,29.166,23.072,27.379,22.997,27.595,22.611,28.154,20.432,28.482,21.793,27.054,22.619,28.286,20.59,27.298,22.362,27.166,22.878,28.593,20.91,29.005,23.438,28.633,19.92,30.951,19.965,28.873,22.584,28.521,19.69,29.296,21.608,29.08,22.018,29.08,22.018,29.209,22.784,29.357,21.807,28.399,21.381,27.596,21.952,29.412,20.19,28.216,20.778,28.152,24.222,27.923,21.595,28.882,20.662,27.711,22.561,28.352,20.348,29.265,22.079,29.509,20.89,29.295,21.764,31.057,19.67,28.896,22.578,28.977,22.544,28.195,20.376,28.625,22.817,30.119,22.954,29.114,22.45,29.158,21.194,28.496,23.324,28.4,19.826,28.228,22.459,29.114,22.115,28.393,19.847,27.22,22.748,27.342,22.068,29.264,21.455,27.663,21.683,27.787,22.828,28.816,21.535,29.006,21.8,28.082,24.631,28.859,21.593,29.032,19.129
"Oct 31, 2012",30.151,22.33,29.741,20.593,28.064,23.051,28.59,22.991,26.329,23.352,25.499,23.213,27.452,19.362,28.517,21.544,26.523,22.847,27.845,22.413,27.472,23.093,26.485,23.2,29.05,20.224,28.706,22.537,29.076,19.664,30.616,20.175,29.394,23.211,27.824,18.777,29.762,21.902,29.348,21.482,29.348,21.482,29.208,22.241,29.38,20.748,24.6,21.697,25.735,22.739,27.206,21.349,27.502,22.24,28.81,22.835,27.351,20.132,30.021,19.985,26.964,23.125,27.486,19.272,27.934,23.069,28.683,22.29,30.227,21.987,32.763,19.473,28.397,22.459,28.857,22.39,28.697,20.167,26.891,21.615,30.015,22.227,28.505,21.454,30.101,21.197,27.969,23.367,27.304,18.954,27.788,23.309,29.477,21.766,27.998,18.573,26.874,23.36,25.634,22.524,30.038,22.352,26.657,22.582,27.027,23.747,28.522,20.326,29.153,21.74,27.359,24.495,29.052,22.18,28.279,17.765
"Nov 8, 2012",27.261,19.05,26.43,18.197,26.356,18.634,26.709,19.84,25.739,20.876,25.711,19.846,26.853,16.729,26.216,18.4,25.238,20.359,25.245,18.164,25.398,19.766,25.343,20.03,26.689,17.682,27.31,19.434,25.867,17.278,27.072,17.598,26.632,19.154,27.252,16.185,26.977,18.873,26.324,19.13,26.324,19.13,27.094,19.601,27.083,18.257,26.73,18.711,25.387,19.418,27.031,17.802,24.636,17.849,26.325,20.252,26.381,17.761,26.542,18.076,25.376,19.67,27.336,16.442,27.241,19.266,26.998,18.339,26.912,18.719,26.96,17.434,26.283,19.375,27.177,19.585,26.802,17.249,27.004,19.863,27.428,19.81,26.496,18.964,26.722,18.268,26.396,19.674,27.06,16.05,25.922,19.294,26.8,18.976,27.665,16.075,25.283,20.088,25.326,19.57,26.613,18.781,24.521,18.954,26.244,20.89,26.751,17.924,26.599,18.711,25.808,21.441,26.448,18.452,28.028,15.724
"Nov 16, 2012",27.777,17.907,26.863,16.402,25.08,19.038,27.205,19.44,23.953,19.742,24.135,18.517,26.837,15.812,26.937,17.223,23.108,19.32,23.381,19.233,25.038,18.391,24.138,19.242,27.157,16.144,27.28,19.405,26.303,16.22,27.481,16.765,26.334,18.879,27.67,15.275,27.077,17.699,26.536,17.628,26.536,17.628,27.233,19.332,27.743,17.147,26.951,18.229,23.805,18.111,27.567,16.848,24.642,17.746,26.273,19.665,26.351,17.004,26.724,16.726,24.979,18.273,27.762,15.788,26.472,18.198,27.611,17.136,27.067,17.246,27.952,16.275,26.556,18.919,26.316,18.506,27.247,15.911,26.401,18.772,27.291,18.848,26.685,18.348,27.191,16.516,27.25,18.897,27.725,15.424,25.056,19.222,27.123,17.374,28.023,15.468,24.343,18.982,23.277,18.655,26.977,17.338,23.381,19.237,24.812,19.716,27.166,17.171,26.919,17.02,26.197,21.466,26.824,16.922,28.531,14.955
"Nov 24, 2012",25.48,15.359,25.256,13.983,25.44,15.309,24.869,17.019,23.813,17.543,23.785,16.353,24.566,14.306,24.269,15.51,23.379,17.03,23.894,14.867,24.37,15.931,24.292,17.165,24.703,14.23,25.322,16.213,24.559,13.541,25.822,13.655,24.716,15.71,24.752,13.455,25.382,14.698,24.247,15.62,24.247,15.62,24.658,16.379,24.672,15.131,25.125,15.302,23.773,15.429,25.726,13.904,23.82,14.895,24.124,17.172,24.21,15.682,24.989,13.83,23.988,16.38,24.535,14.926,25.635,15.087,25.775,14.192,25.215,14.801,26.172,13.433,24.543,16.32,24.867,15.862,24.915,13.566,24.958,15.82,25.318,16.368,24.569,15.949,24.983,13.96,24.67,17.139,24.465,14.35,24.597,16.072,25.018,14.484,24.705,14.466,24.433,16.45,23.792,15.874,25.097,14.66,23.058,16.28,24.496,17.677,24.551,15.111,24.71,14.842,23.822,18.937,24.59,14.797,24.79,13.335
"Dec 2, 2012",25.092,14.762,24.08,13.764,24.946,15.401,25.513,17.107,23.501,16.571,23.169,15.54,25.02,14.715,24.993,15.672,23.102,15.599,23.741,15.033,23.986,14.379,23.664,16.418,24.319,14.011,25.515,15.955,23.728,13.299,24.539,13.366,24.972,15.214,24.836,13.567,25.173,13.698,24.044,15.458,24.044,15.458,25.279,16.471,24.579,15.249,24.131,14.356,23.186,14.237,25.042,13.308,23.852,14.89,24.761,16.946,25.014,16.029,24.128,13.565,23.312,15.699,25.428,15.425,25.357,14.232,25.313,13.166,24.867,14.092,24.246,13.217,24.759,16.52,24.151,15.049,24.425,13.385,24.513,14.379,24.752,15.763,24.834,15.597,24.382,13.265,25.711,17.144,24.806,15.019,24.368,15.693,24.189,13.607,25,15.144,23.924,15.248,23.384,14.368,24.775,13.818,22.965,16.583,24.189,16.872,25.151,15.529,23.89,14.343,24.437,18.711,24.485,14.503,25.337,13.849
"Dec 10, 2012",24.358,17.141,22.689,15.622,24.802,15.972,24.021,16.121,23.422,18.575,23.639,17.25,23.574,14.531,23.935,16.109,23.144,17.983,23.115,15.094,24.042,17.204,23.622,17.63,23.498,15.566,24.78,16.944,23.485,14.521,24.679,16.46,24.675,17.131,23.298,13.944,24.296,16.906,23.87,17.2,23.87,17.2,24.842,16.467,23.115,15.346,24.652,17.272,23.563,16.691,24.965,16.256,23.508,15.221,23.891,16.879,22.5,14.99,24.316,16.644,23.716,17.004,23.234,14.566,25.207,17.141,25.03,16.81,23.488,16.743,24.53,16.377,23.997,16.134,24.602,17.132,23.025,14.33,24.998,17.284,24.755,17.476,24.322,16.793,23.505,16.122,23.893,16.711,22.54,14.666,24.259,16.88,24.255,16.475,22.022,14.514,24.099,17.397,23.42,17.202,24.408,17.197,22.274,16.151,23.654,19.102,23.096,15.358,22.705,15.835,22.853,17.534,23.579,16.02,21.893,14.107
"Dec 18, 2012",21.084,12.578,20.874,12.679,22.846,13.468,23.22,14.578,21.067,15.167,20.905,13.889,22.861,12.966,20.42,12.319,20.872,14.214,22.262,13.249,22.253,13.257,21.674,14.912,18.474,11.849,22.496,13.527,21.521,11.584,19.694,12.563,22.071,13.644,22.348,12.606,20.656,12.087,20.485,12.556,20.485,12.556,23.011,13.61,18.19,12.632,21.423,13.718,21.08,12.629,20.633,12.609,21.028,12.436,21.085,13.224,22.267,13.483,20.046,12.813,21.145,14.357,23.413,13.434,21.091,12.864,21.484,12.35,19.742,12.154,19.926,12.561,22.436,13.857,20.833,13.07,20.326,11.455,21.653,13.442,21.22,13.761,21.135,12.956,20.143,12.264,21.656,13.535,23.291,13.52,21.996,14.216,20.446,11.986,23.241,13.478,22.322,13.913,21.394,13.1,20.558,12.112,20.89,14.016,21.429,15.724,,12.701,18.663,12.229,21.957,15.817,19.786,12.165,22.466,12.428
"Dec 26, 2012",20.58,11.05,20.516,10.371,22.592,10.971,21.649,12.5,20.242,12.63,20.154,12.017,20.481,10.227,18.745,11.118,19.935,12.322,21.661,12.613,21.412,11.22,20.676,12.996,20.482,10.131,20.013,10.945,20.877,9.616,21.352,9.622,19.886,11.118,20.865,9.271,20.311,10.181,19.327,11.493,19.327,11.493,20.012,10.994,19.231,10.387,21.324,10.714,20.124,10.684,21.677,9.622,19.993,10.194,17.212,11.729,19.609,11.266,21.042,10.062,19.686,12.498,20.995,10.886,20.96,10.595,21.599,9.713,19.318,10.466,21.531,9.85,18.12,11.144,20.291,11.31,20.208,9.399,21.003,11.171,20.569,12.074,20.058,11.419,20.485,9.95,20.265,11.875,20.711,10.598,20.426,11.887,20.093,10.251,21.185,10.793,21.199,11.93,20.37,11.256,20.095,10.31,20.181,12.848,20.681,12.673,18.094,10.46,19.595,10.457,20.749,13.87,19.673,10.318,19.945,9.684
"Jan 1, 2013",22.412,12.52,20.808,11.752,23.675,13.448,22.05,13.067,21.206,15.072,21.567,13.883,21.542,10.211,21.525,12.284,21.252,14.652,22.491,13.478,22.451,13.99,21.42,14.638,21.385,10.991,22.083,12.749,19.762,11.003,19.863,12.101,22.491,13.075,22.007,9.693,22.164,12.426,21.515,12.743,21.515,12.743,21.617,12.966,21.179,10.971,22.144,13.603,22.564,13.547,21.495,12.402,21.953,12.102,20.717,13.7,21.473,11.184,20.698,12.076,21.364,13.818,22.496,10.593,22.455,12.971,22.21,12.468,21.282,11.782,20.136,12.271,21.187,12.652,22.104,12.389,21.078,11.002,22.299,13.592,22.444,13.13,21.786,12.765,21.563,11.377,21.977,13.294,21.848,10.223,22.284,13.981,21.154,11.707,22.318,10.43,22.248,14.201,22.275,14.003,21.478,12.258,20.864,13.645,21.612,15.453,21.656,11.237,21.165,11.418,21.128,14.598,21.832,11.504,21.902,9.451
"Jan 9, 2013",21.968,10.798,20.472,10.089,22.652,11.545,21.846,11.514,19.728,13.529,20.332,12.276,20.303,9.73,21.572,10.821,19.529,12.626,20.86,11.464,20.912,11.612,20.662,12.759,20.853,10.241,21.823,11.804,20.189,9.48,21.349,10.106,22.505,11.553,20.513,8.792,21.72,10.454,21.143,10.833,21.143,10.833,21.428,12.094,21.096,10.159,21.607,11.893,20.302,11.342,21.697,10.421,20.477,10.63,20.527,12.793,20.672,9.992,20.798,10.118,21.098,11.866,20.962,9.313,21.504,10.867,21.811,10.398,20.999,10.051,21.215,9.88,21.005,11.49,21.585,10.79,19.888,9.418,21.466,11.566,22.39,11.522,21.493,11.71,20.918,10.242,22.046,12.294,20.315,9.233,21.906,11.983,21.421,10.082,21.119,9.213,21.072,12.077,20.087,11.801,21.165,10.402,19.414,12.134,19.981,14.028,21.661,10.207,20.777,10.103,20.843,12.968,21.179,10.076,19.92,8.569
"Jan 17, 2013",23.97,14.425,21.964,12.996,25.881,14.723,24.407,14.213,21.776,16.115,22.632,15.215,22.629,12.683,24.371,14.475,21.808,15.506,25.302,14.994,24.002,14.733,23.383,15.524,22.621,12.947,24.155,14.776,21.855,13.049,22.373,13.097,24.375,14.711,22.835,12.38,22.935,13.791,23.654,14.841,23.654,14.841,23.667,14.617,23.127,12.89,22.831,15.22,23.315,14.62,23.063,13.667,23.844,13.952,23.102,15.537,23.094,12.593,22.4,13.215,23.224,14.994,22.702,12.501,23.284,14.399,23.216,13.826,22.57,13.108,21.91,12.926,23.518,13.906,22.445,14.139,21.947,13.361,22.995,14.638,23.898,15.078,23.924,14.511,22.172,13.257,25.062,15.423,22.169,12.733,24.31,15.242,22.604,13.119,22.294,12.889,24.265,15.141,22.491,14.853,22.622,13.583,22.855,15.139,22.109,16.564,23.476,13.572,22.495,12.955,23.249,16.031,23.344,13.381,21.643,12.388
"Jan 25, 2013",22.528,11.968,21.086,10.826,23.588,12.52,22.729,13.703,20.342,13.486,21.03,12.846,21.634,10.732,20.234,13.044,20.266,12.708,22.711,12.607,22.649,11.821,22.32,13.179,20.444,10.576,21.843,13.508,21.148,10.973,20.663,10.768,21.711,12.852,21.988,10.001,20.835,10.749,21.289,12.735,21.289,12.735,21.553,13.666,20.856,11.446,20.876,12.832,21.948,11.702,20.998,11.326,22.305,11.957,20.628,14.333,20.29,11.177,20.416,11.018,21.921,12.76,21.499,10.896,20.917,11.547,21.018,11.315,20.979,10.596,20.642,10.378,22.21,13.031,20.453,11.427,20.59,11.316,20.755,11.943,21.806,12.973,21.69,13.02,20.466,11.235,20.345,14.36,21.93,10.633,22.864,12.689,20.722,10.937,23.064,10.604,22.999,12.501,21.149,12.064,20.703,10.964,21.687,13.29,20.589,13.841,19.682,12.591,20.15,11.278,20.704,14.908,20.75,11.912,22.317,9.533
"Feb 2, 2013",26.351,16.087,25.273,13.667,27.53,16.196,26.754,15.562,23.852,17.232,24.904,16.49,25.701,14.767,25.95,16.654,23.776,16.55,26.95,16.343,26.241,15.704,25.332,16.735,25.841,14.977,26.097,17.099,25.185,13.769,25.034,14.811,26.194,16.944,27.078,14.244,25.73,14.858,26.011,16.459,26.011,16.459,26.519,16.405,25.632,15.281,25.093,16.971,25.632,15.948,25.462,15.142,26.046,15.358,25.155,17.444,25.813,15.211,24.988,14.115,25.35,16.61,26.377,14.692,25.62,15.894,25.736,15.076,25.584,14.499,24.487,14.182,26.573,15.387,24.771,15.229,26.086,14.902,25.719,15.858,26.352,16.617,25.776,16.686,25.263,14.381,25.697,17.54,26.102,14.51,26.386,16.575,25.715,14.316,27.322,14.12,26.562,16.087,24.937,15.922,25.619,14.811,24.922,16.485,23.88,17.966,25.846,16.096,25.528,15.238,25.29,17.182,25.787,15.437,26.167,13.25
"Feb 10, 2013",26.711,15.414,26.026,14.138,28.921,15.534,28.646,15.409,24.554,16.606,25.617,16.259,24.602,15.361,26.156,17.146,24.671,16.109,28.248,15.777,27.43,15.136,26.509,16.566,25.79,15.509,26.429,17.692,25.856,13.854,26.238,13.872,26.917,17.188,25.411,14.142,26.488,14.207,26.897,15.688,26.897,15.688,27.25,16.722,25.431,15.874,25.839,16.2,26.433,15.654,26.441,14.369,27.938,13.906,25.672,17.863,25.208,15.854,26.003,13.83,26.711,16.407,24.341,15.381,25.997,15.037,26.828,14.311,26.521,13.769,25.799,13.435,28.341,14.929,25.443,14.73,25.554,14.961,26.521,15.277,27.4,16.244,26.268,16.362,25.764,14.37,26.033,18.387,24.287,15.146,27.76,16.12,26.518,14.096,26.074,13.981,28.041,15.419,25.659,15.639,26.59,13.796,26.059,15.746,24.738,17.23,25.815,16.828,26.094,15.161,26.225,17.663,26.294,15.427,24.969,12.363
"Feb 18, 2013",27.346,17.419,26.052,16.891,29.225,17.498,29.066,16.958,25.433,17.961,26.386,17.637,25.755,17.644,27.551,18.589,25.176,17.29,28.481,17.298,28.41,16.489,26.522,18.419,26.256,17.907,27.02,18.438,25.811,16.625,26.857,16.132,27.206,18.528,26.479,17.435,27.28,15.923,27.38,17.732,27.38,17.732,28.03,17.611,26.514,17.835,27.372,18.009,27.204,16.907,27.372,16.748,28.513,16.556,26.445,18.362,26.338,17.508,26.664,15.985,26.132,18.128,26.403,17.047,27.133,16.967,27.569,16.495,26.87,15.795,26.817,15.8,28.981,16.864,26.538,16.52,26.077,17.878,27.618,16.861,27.798,18.348,27.257,18.333,26.339,16.684,26.956,18.798,26.276,17.639,27.67,17.585,27.195,16.198,28.306,16.261,28.719,17.068,26.531,16.8,27.006,15.966,26.85,17.698,25.939,18.504,27.289,18.345,26.78,17.318,26.786,17.86,26.713,17.436,26.902,15.467
"Feb 26, 2013",30.151,18.471,29.111,18.131,31.645,18.006,30.547,18.12,27.888,19.175,28.485,18.75,28.535,19.344,28.92,19.926,27.429,18.343,31.719,18.263,30.724,17.156,28.985,19.265,29.009,19.466,28.769,19.267,28.824,17.717,29.433,17.646,29.382,19.194,28.34,19.374,30.513,16.809,29.636,18.506,29.636,18.506,29.58,18.445,28.802,19.356,29.703,19.252,29.495,18.017,30.244,18.182,31.343,17.481,27.728,19.297,29.448,19.202,29.306,17.361,28.978,18.581,28.267,18.925,29.91,17.738,30.948,17.713,30.069,17.253,29.355,17.17,30.802,18.06,28.858,16.834,28.553,19.2,30.44,17.892,29.845,19.09,29.31,19.334,28.827,17.333,27.961,19.658,27.592,19.615,30.21,17.512,30.133,17.523,29.911,18.826,31.149,17.585,28.79,17.92,30.509,17.213,29.671,18.735,27.93,19.945,28.339,19.702,29.213,19.126,27.657,18.474,28.964,19.084,28.256,17.952
"Mar 6, 2013",31.586,20.67,30.818,20.88,31.777,20.235,30.675,19.241,28.354,21.992,29.618,21.31,29.132,20.279,29.113,20.859,28.468,21.424,31.891,19.353,31.799,21.105,29.743,21.935,29.974,21.508,29.469,20.555,30.852,20.038,30.561,20.732,30.533,21.046,28.986,20.915,31.862,19.958,30.813,20.216,30.813,20.216,30.28,20.17,29.274,20.375,30.148,21.966,30.666,20.916,31.114,21.17,30.972,18.666,27.907,20.443,29.295,19.69,30.851,20.305,29.706,21.318,28.771,19.423,31.606,20.772,31.566,20.841,31.427,20.368,31.024,20.149,31.394,19.419,31.003,19.984,29.765,21.546,31.042,21.327,30.813,20.873,29.954,20.668,30.346,20.003,27.845,20.495,28.437,20.448,31.01,20.506,31.45,20.405,30.979,19.35,31.723,21.258,29.847,21.019,31.634,20.255,29.919,19.56,28.395,22.533,28.337,20.456,30.293,20.947,27.978,19.782,30.494,20.641,29.391,19.619
"Mar 14, 2013",30.971,20.55,30.897,19.511,32.584,21.423,30.451,18.811,29.263,22.033,29.54,21.897,27.443,19.796,27.94,20.889,28.873,21.76,32.94,20.195,32.298,21.922,29.777,22.875,28.908,20.57,28.294,21.554,30.161,18.609,32.269,19.638,29.218,21.844,27.188,19.902,32.661,19.956,30.076,20.601,30.076,20.601,29.416,20.17,28.729,19.734,30.88,21.045,30.898,21.682,32.548,20.07,31.844,20.292,27.034,20.401,28.407,19.22,32.722,19.846,28.933,22.164,26.904,18.923,31.014,20.534,33.73,20.246,30.963,20.4,33.577,19.428,31.47,19.407,30.923,20.607,28.625,19.499,31.977,20.784,30.223,21.426,28.789,21.258,31.122,19.196,26.427,20.199,26.398,19.26,30.954,21.827,32.203,20.059,29.138,17.489,32.407,22.22,30.105,21.485,33.046,20.169,30.667,20.723,29.563,22.215,27.029,19.706,29.949,20.67,27.535,19.136,29.404,20.523,28.229,17.775
"Mar 22, 2013",33.528,23.079,32.838,21.342,33.255,22.883,30.476,20.852,30.542,24.349,31.051,24.107,28.021,20.301,29.111,21.943,30.67,24.111,33.438,21.928,34.443,24.266,30.511,24.369,29.505,21.582,29.708,22.426,32.92,20.488,34.027,21.719,30.958,23.223,27.791,20.624,34.804,22.846,32.095,22.982,32.095,22.982,30.169,22.064,29.826,20.744,31.698,23.391,32.337,23.86,34.465,22.542,32.434,22.26,28.406,22.018,29.027,19.779,34.678,21.555,30.446,24.011,28.494,19.599,34.101,23.821,34.817,22.843,33.051,22.501,35.204,21.509,31.967,21.878,33.1,23.272,29.961,21.175,33.149,23.691,31.979,23.199,30.658,22.836,33.404,20.893,28.33,21.43,27.088,20.101,32.093,23.367,34.533,21.61,28.342,19.954,33.315,24.067,31.475,23.994,36.033,22.105,31.801,22.395,30.721,24.466,28.312,20.815,30.8,21.65,28.858,20.947,30.492,21.976,28.381,19.887
"Mar 30, 2013",33.471,22.89,34.557,21.196,34.204,24.129,32.194,20.54,31.794,24.577,31.654,23.902,31.289,20.902,30.924,21.492,31.616,24.503,34.879,23.312,34.793,24.77,30.937,24.802,31.351,22.003,30.073,22.05,34.727,20.483,35.478,22.414,30.702,23.324,30.774,20.077,37.106,23.575,32.899,22.61,32.899,22.61,31.536,21.425,32.048,21.494,32.985,23.358,33.004,23.952,35.274,22.939,34.174,23.238,29.238,21.435,32.439,20.614,36.097,21.932,30.118,23.898,31.533,20.245,34.58,23.652,36.571,23.815,33.518,22.786,36.87,21.71,34.113,21.115,31.861,23.007,32.126,20.705,35.442,24.24,31.672,23.135,31.077,22.085,35.128,21.071,29.343,20.868,30.154,20.086,32.633,23.911,35.824,22.514,33.032,19.77,33.96,24.779,32.63,24.158,37.533,23.396,32.786,23.535,31.687,24.702,30.076,21.117,32.443,22.159,30.376,20.637,31.969,22.319,32.971,19.382
"Apr 7, 2013",33.786,25.33,35.412,24.013,32.985,24.137,30.576,22.98,31.211,25.499,31.416,25.005,29.317,22.584,29.709,24.41,31.174,24.854,34.417,22.885,33.504,24.958,30.457,25.158,29.871,23.913,30.075,24.15,36.442,23.149,35.749,24.565,31.072,24.607,29.681,23.041,35.514,25.06,32.457,24.997,32.457,24.997,30.391,23.777,30.589,23.757,32.252,24.926,32.35,24.823,34.582,24.815,33.619,23.245,28.304,23.759,29.717,22.457,36.534,24.388,29.794,24.998,29.889,21.966,33.556,25.086,35.184,25.075,33.935,24.583,37.385,24.532,32.152,24.042,32.233,25.181,32.036,23.486,34.008,25.458,31.958,25.403,30.349,24.66,35.479,24.038,27.954,23.766,28.801,22.409,31.713,24.408,36.437,24.371,31.631,22.127,32.954,24.989,31.817,24.865,36.524,24.92,33.151,23.307,31.053,25.688,29.176,23.845,31.665,23.955,28.661,22.72,31.541,24.326,32.613,22.572
"Apr 15, 2013",25.805,19.917,30.791,21.204,32.577,19.867,28.319,18.402,29.319,21.645,30.982,21.41,25.681,19.028,25.191,19.566,28.798,21.458,32.864,20.993,31.653,22.1,29.956,21.426,27.447,20.746,28.04,18.813,32.359,20.805,32.438,21.059,30.083,18.812,26.668,19.81,33.093,19.448,25.957,19,25.957,19,28.495,18.392,26.679,20.546,29.502,20.861,31.615,21.78,31.508,21.053,35.493,18.952,25.103,18.929,26.638,18.612,32.321,21.044,29.779,20.139,26.399,17.956,33.283,20.738,32.947,20.625,27.947,19.974,33.066,21.014,29.589,18.434,31.397,19.758,29.295,19.926,30.553,19.895,28.832,19.067,26.384,19.159,30.045,20.518,24.233,20.413,25.449,18.47,32.176,20.576,31.48,20.685,26.643,17.041,31.352,21.899,30.188,21.312,32.256,20.908,31.242,19.844,29.564,22.372,26.11,20.383,26.752,20.201,26.207,19.926,25.396,19.865,27.962,20
"Apr 23, 2013",31.782,24.263,31.375,24.649,32.982,24.146,31.765,22.711,29.591,24.461,29.884,24.261,29.688,22.137,30.381,22.971,29.686,24.102,34.876,23.401,32.068,24.078,29.703,24.367,29.085,22.848,30.849,23.284,32.71,24.511,32.412,24.838,31.305,24.156,27.991,22.913,31.907,24.5,31.448,23.468,31.448,23.468,30.503,22.551,30.178,22.111,30.601,24.21,30.597,24.395,31.103,24.446,34.199,23.492,29.355,22.6,31.704,21.638,32.775,25.026,29.185,24.104,31.42,21.504,31.064,24.197,31.985,24.888,30.651,23.948,33.513,25.071,31.799,22.835,30.107,24.323,28.73,23.935,31.487,24.697,30.606,24.163,30.443,23.464,31.509,24.184,30.214,22.33,29.934,21.9,31.587,23.959,32.277,24.398,30.663,21.694,31.404,24.261,30.302,23.992,33.053,24.722,33.184,23.758,29.658,24.512,30.561,21.944,29.592,22.932,30.94,22.125,30.293,23.029,29.343,22.847
"May 1, 2013",25.93,24.299,34.62,25.048,28.523,23.593,24.488,21.236,28.397,25.09,28.339,24.893,29.443,22.572,25.418,23.136,29.085,24.9,34.855,23.261,31.088,25.482,27.079,25.445,30.448,24.224,24.094,22.861,35.434,25.716,32.354,24.436,19.432,24.093,30.451,22.163,30.541,24.561,23.718,24.206,23.718,24.206,23.809,21.885,29.824,22.937,30.252,24.396,28.305,25.067,30.851,24.092,21.834,21.317,22.342,23.254,27.635,22.305,32.719,24.356,24.732,24.334,28.896,21.508,29.245,25.349,30.554,24.559,27.522,24.19,34.422,24.455,24.423,21.858,26.594,24.7,32.025,24.062,30.634,25.418,25.357,24.075,23.031,23.7,33.814,24.487,23.136,20.9,30.1,21.507,25.544,24.058,31.524,24.635,30.477,20.965,29.763,24.681,29.138,24.834,31.369,24.929,30.932,22.679,28.549,24.372,27.83,21.69,29.839,23.646,21.341,18.908,28.745,23.983,31.767,21.311
"May 9, 2013",27.31,19.45,29.412,23.25,25.972,22.234,24.971,,30.264,22.946,27.693,21.132,24.379,23.484,26.709,20.358,28.83,23.141,28.731,20.96,25.492,22.424,24.962,23.291,28.735,23.234,24.343,19.518,29.148,23.893,29.946,,26.378,18.589,24.19,23.176,27.095,,27.886,20.255,27.886,20.255,25.912,14.77,26.938,21.909,29.418,,28.538,21.515,29.499,,24.764,15.668,20.317,18.817,24.799,23.241,30.173,21.39,26.026,21.577,25.799,22.026,27.117,20.881,28.431,,24.918,18.165,29.84,22.073,28.096,,26.471,18.804,28.193,23.796,29.12,,27.501,,22.714,20.801,32.576,23.374,29.918,19.928,25.868,23.788,26.656,21.661,29.258,20.969,27.604,23.012,26.17,22.727,28.157,21.334,27.716,,25.299,19.776,28.589,22.812,27.557,21.437,29.121,21.512,26.459,15.475,27.776,19.959,27.327,23.676
"May 17, 2013",25.052,20.773,36.638,22.515,29.353,21.426,26.067,16.402,25.409,25.951,24.222,24.838,25.516,22.995,25.785,17.427,24.431,26.41,28.498,21.569,24.575,25.882,23.891,23.596,24.443,21.93,25.189,23.358,34.99,23.3,29.604,20.676,25.44,24.568,26.057,23.283,24.819,21.148,25.978,21.1,25.978,21.1,24.987,20.386,25.678,18.654,27.631,21.432,24.839,25.847,28.799,21.291,28.435,19.068,24.825,21.922,26.404,21.846,29.425,21.396,24.511,23.576,29.392,19.111,24.358,24.631,25.673,19.05,25.361,17.459,30.773,21.382,25.656,18.037,24.371,24.499,28.278,23.45,23.806,22.713,24.974,24.574,25.341,23.437,25.022,21.324,28.075,16.777,29.6,17.17,23.574,22.98,24.91,22.07,29.694,19.778,25.409,25.256,25.167,25.978,26.248,23.347,27.836,21.37,26.319,25.186,25.41,16.88,24.339,20.347,24.93,18.467,24.499,22.008,28.938,21.406
"May 25, 2013",26.709,24.89,34.324,22.962,23.781,24.927,30.289,23.048,25.08,25.613,22.78,22.576,31.657,23.527,28.546,23.312,24.661,24.956,23.029,23.045,23.635,25.279,19.897,23.837,33.484,23.246,27.516,25.029,35.894,23.711,30.967,22.93,27.243,24.256,31.348,23.709,25.695,22.529,26.227,23.455,26.227,23.455,28.217,24.499,31.047,22.804,18.621,25.652,24.837,20.578,26.029,24.365,29.178,23.81,25.98,24.82,30.801,23.655,32.969,23.111,22.21,23.702,30.293,23.916,25.186,22.059,30.785,24.182,27.426,24.612,33.368,23.293,28.315,22.434,25.352,24.399,35.881,23.282,,23.756,25.327,23.773,27.073,23.298,33.575,22.791,26.677,24.353,30,24.222,22.228,24.255,30.763,22.927,29.963,23.926,23.669,23.798,24.096,23.902,29.646,24.462,27.635,23.58,23.447,25.948,28.318,22.916,30.775,22.768,28.479,25.281,28.041,23.172,28.34,24.178
"Jun 2, 2013",29.471,25.718,31.975,24.493,30.476,,29.444,26.682,29.043,,28.889,,28.521,25.047,29.347,24.952,29.429,,30.572,,29.346,,28.403,,30.384,25.79,29.829,25.374,33.819,24.45,31.915,24.241,30.384,18.6,29.496,25.409,28.04,21.356,29.666,25.73,29.666,25.73,29.148,26.136,29.664,25.405,30.767,21.864,29.167,,31.6,23.072,30.151,,27.267,26.189,27.544,,31.81,24.145,28.903,,27.449,23.984,29.336,21.79,31.024,22.432,28.292,24.358,31.652,24.214,29.447,25.285,28.768,20.906,33.679,24.645,29.847,21.454,29.616,19.71,29.236,24.241,31.319,24.497,27.037,26.453,29.108,25.472,29.014,,30.044,25.367,30.194,,29.029,,29.346,,29.38,24.183,29.601,,29.59,,28.426,,27.842,25.369,26.734,26.644,28.992,25.953,29.176,21.302
"Jun 10, 2013",33.552,25.588,31.147,24.686,29.775,25.206,31.331,26.299,28.654,25.794,29.437,26.054,32.188,26.025,32.502,26.129,28.55,25.625,28.826,16.908,29.33,25.848,28.632,25.946,33.08,25.063,30.158,24.899,33.068,24.391,27.38,25.028,30.971,26.215,33.807,25.849,28.308,25.035,31.727,26.015,31.727,26.015,30.188,25.019,32.27,24.937,28.804,25.726,28.967,25.847,28.715,25.094,29.691,18.764,29.597,24.629,30.461,26.45,29.011,25.204,29.751,25.974,32.438,26.495,28.336,25.465,29.596,25.066,28.375,24.845,30.469,25.096,30.312,23.87,29.599,26.323,33.643,24.723,28.071,26.015,31.282,26.132,31.103,24.855,31.456,24.788,31.408,26.335,33.751,27.045,30.095,26.023,30.793,25.274,34.235,26.659,29.196,25.925,28.688,25.829,27.735,24.738,28.068,21.063,28.598,25.681,32.902,25.492,31.446,25.435,29.766,26.894,32.533,25.44,33.491,26.295
"Jun 18, 2013",29.786,,29.255,26.266,29.952,,29.195,,28.258,,29.842,,27.353,,29.931,,28.412,,28.457,,30.379,,29.587,,28.998,,29.433,,30.077,25.924,30.51,,32.221,,,,28.214,,29.521,,29.521,,30.049,,28.206,,29.121,,30.334,,30.508,,29.516,,27.608,,28.748,,29.166,25.449,30.088,,27.363,,29.844,,28.191,,27.718,,30.584,,29.747,,29.883,,31.199,,28.511,,31.588,,29.051,,29.819,,28.137,,,,31.211,,28.749,,,,29.737,,29.026,,28.23,,28.067,,28.349,,13.366,,28.427,,27.967,,26.808,,-8.726,
"Jun 26, 2013",26.576,,,,24.626,,23.268,,27.274,26.412,,,17.89,,,,24.785,,26.835,,,,25.71,,,,,,23.828,,28.967,,18.399,,19.803,,27.315,,,,,,24.315,,24.517,,,,,,28.37,,25.555,,24.512,,25.78,,25.899,,,,25.91,,,,27.141,,26.984,,27.264,,24.367,,20.028,,18.33,,26.51,,,,,,,,22.257,,,,17.43,,26.34,,,,15.222,,21.182,,25.591,,26.596,,,26.14,24.359,,23.434,,21.87,,26.459,,25.141,
"Jul 4, 2013",26.537,,26.229,25.932,27.656,,,,28.903,26.632,28.561,26.562,25.514,25.439,26.008,,27.534,26.602,27.507,,26.321,,25.7,,25.121,26.712,27.815,,27.572,26.113,29.509,,27.649,,27.116,25.471,27.776,26.552,,,,,23.031,,26.398,,28.622,26.506,27.217,,29.047,,26.04,,26.995,,25.656,25.204,25.163,,25.661,,26.069,25.662,28.977,26.967,28.479,26.472,27.019,26.789,28.348,,,,27.76,,30.147,25.572,29.676,26.733,27.459,,26.437,,23.602,26.647,25.23,,,,25.72,,25.882,,,,26.701,,27.993,26.615,27.08,26.457,26.475,,28.55,26.48,27.912,,25.957,,25.186,,27.174,,27.23,
"Jul 12, 2013",27.975,,25.392,,26.623,,26.435,21.234,26.208,25.463,25.072,25.993,29.88,26.612,,,25.701,26.147,26.968,,25.056,25.191,26.149,25.509,25.515,,26.637,,29.049,,27.891,,26.545,,,26.32,26.073,,27.066,,27.066,,19.853,,24.681,,29.5,,26.541,26.106,27.108,,26.087,,21.749,,26.702,26.816,27.636,,25.711,,23.326,26.27,25.368,,26.91,,26.117,,28.499,,27.477,,26.502,,30.095,,27.157,,27.762,,26.936,,26.969,,18.567,,23.15,26.486,26.882,25.357,26.095,,,26.641,26.671,25.656,25.383,26.088,26.138,,25.057,,26.175,25.57,23.511,,25.685,,23.006,,25.339,,,26.493
"Jul 20, 2013",29.794,,28.915,,28.053,,31.772,,26.236,,25.943,,30.903,,31.429,,24.62,,27.849,,25.358,,27.146,,,,29.367,,29.155,,26.802,,26.844,,,,25.538,,29.434,,29.434,,30.605,,27.45,,27.692,,25.65,,28.254,,28.592,,28.394,,25.885,,27.119,,23.835,,,,27.051,,25.337,,27.858,,27.523,,30.519,,23.695,,26.402,,26.866,,25.202,,27.689,,29.554,,31.22,,,,29.031,,27.971,,,,25.719,,24.041,,25.718,,28.123,,26.21,,30.352,,28.952,,30.088,,30.107,,32.398,
"Jul 28, 2013",25.757,,28.17,25.999,28.665,,28.195,,24.946,26.001,26.265,,13.77,,27.575,,26.245,,27.916,,24.476,,27.13,,30.803,,25.823,,27.768,25.898,27.904,,27.06,,29.743,24.849,28.132,26.594,26.77,,26.77,,25.861,,27.951,,27.587,25.739,27.409,,30.702,,28.302,,25.267,,26.59,24.857,26.14,26.19,27.001,,28.983,25.048,28.634,,30.659,,24.413,,25.966,,27.48,,27.484,,28.463,,28.947,,28.748,,25.937,,27.11,26.013,26.112,,30.197,24.875,28.007,,24.919,26.22,,24.635,28.091,,25.744,,25.769,,27.097,,27.629,25.457,28.294,,25.27,26.139,26.709,,24.273,,29.455,24.867
"Aug 5, 2013",,,24.934,,27.083,,,,25.851,,,,,,,,25.843,,27.638,,26.749,,25.434,,25.646,,28.822,,25.595,,27.783,,29.752,,29.111,,29.351,,,,,,26.772,,,,28.212,,,,28.044,,27.866,,26.49,,29.467,,,,24.758,,25.129,21.418,,,29.514,,25.741,,27.185,,27.49,,26.323,,24.467,,26.732,,,,27.83,,27.787,,,,26.087,22.622,,,26.436,,-10.516,,,,,,26.861,,27.041,18.51,27.099,,7.174,,,,,,,,28.61,
"Aug 13, 2013",24.31,,28.077,,22.722,,35.867,,27.245,,25.922,,26.845,,,,27.587,,27.142,,27.656,,25.619,,27.948,,18.681,,27.349,,29.008,,26.189,,22.491,26.567,24.173,,,,,,21.862,,29.086,,24.935,,23.121,,24.94,,23.555,,11.94,,27.46,,27.403,,24.616,,29.131,,27.187,,,,25.83,,28.952,,,,25.002,,28.72,,26.889,,21.214,,,,26.776,,16.887,,28.619,,26.964,,27.868,,25.621,26.327,28.77,,27.357,,,,22.212,,27.7,,29.046,,26.936,,23.242,,28.018,,1.767,26.147
"Aug 21, 2013",27.578,25.87,28.11,,26.923,25.299,27.513,25.778,26.099,25.487,28.699,26.302,29,26.643,27.077,25.582,26.575,25.322,27.676,23.006,29.274,25.583,27.46,25.469,28.054,25.641,26.829,26.638,28.709,25.811,28.131,24.616,25.528,25.776,29.233,26.629,27.736,26.164,26.943,25.377,26.943,25.377,24.819,25.903,27.208,25.37,27.935,25.937,29.556,26.311,28.507,25.524,27.527,,22.103,26.235,28.284,26.604,28.172,25.533,28.675,26.033,29.896,26.407,26.987,26.438,,25.819,27.923,26.106,30.56,24.377,27.07,25.486,25.781,26.029,28.681,25.886,27.149,26.347,27.08,26.092,27.814,26.006,27.476,26.039,25.374,26.093,29.729,26.53,27.319,25.676,28.841,26.135,30.843,26.475,29.043,25.733,27.748,26.117,29.414,25.999,27.44,15.941,26.352,25.654,27.032,25.683,27.456,25.646,25.453,26.252,27.896,25.387,29.929,26.301
"Aug 29, 2013",25.91,25.31,27.562,,21.808,,27.263,,26.76,24.842,27.352,25.455,26.287,25.509,,25.15,26.29,25.033,26.946,21.112,24.859,25.209,26.099,25.329,22.867,25.488,22.557,25.579,23.863,24.607,28.096,,26.605,24.675,27.117,25.634,27.89,25.705,26.858,25.261,26.858,25.261,25.587,25.538,11.895,25.179,27.815,25.337,28.376,25.083,27.421,,26.112,,21.566,25.388,24.314,,26.069,25.582,27.136,25.853,19.584,,26.021,25.113,27.523,,27.393,25.315,28.81,,26.25,,25.866,25.276,26.892,24.723,28.958,,25.304,25.599,27.271,25.159,26.713,25.724,25.172,25.153,15.333,25.614,27.068,25.23,23.403,25.92,25.872,13.37,26.931,25.237,27.629,25.187,27.503,25.957,26.646,20.666,24.525,25.123,,24.966,9.465,25.765,24.771,24.771,19.37,25.273,26.729,25.746
"Sep 6, 2013",30.358,26.89,29.268,27.361,28.655,26.207,31.464,26.104,27.976,26.659,28.013,26.677,28.216,25.762,29.638,26.791,27.161,26.324,29.425,25.861,29.577,26.265,27.378,26.716,28.347,26.708,30.664,27.752,28.508,27.547,29.222,26.366,31.09,27.108,28.126,25.286,29.298,27.614,30.825,26.77,30.825,26.77,31.881,27.019,28.563,27.061,28.977,26.975,29.682,26.921,29.326,26.541,29.636,24.662,29.407,27.611,27.303,25.491,28.933,27.103,26.677,26.443,27.486,25.355,30.339,27.553,29.373,27.085,28.25,27.21,29.989,26.354,31.775,26.066,29.203,26.686,28.117,27.571,29.677,27.693,30.743,26.893,31.242,26.773,29.256,27.642,30.398,26.997,27.117,25.061,28.453,27.048,28.889,28.105,28.194,25.166,28.473,26.95,28.334,26.29,29.067,27.615,27.874,25.19,27.949,26.97,29.383,27.03,28.187,27.986,29.587,26.674,29.58,27.192,28.098,24.839
"Sep 14, 2013",28.531,26.581,28.869,25.822,28.943,22.769,29.66,26.382,26.552,25.53,26.882,26.146,28.329,25.469,28.681,26.749,27.327,25.411,27.335,19.37,27.266,25.992,25.756,25.456,28.791,25.358,28.329,27.539,28.904,25.429,28.998,24.57,29.2,25.902,28.486,25.588,28.341,26.587,28.258,26.32,28.258,26.32,27.924,27.012,28.609,26.119,27.678,25.294,26.724,25.967,28.274,25.166,29.229,,26.465,28.354,27.808,25.822,29.018,26.051,26.913,25.205,29.223,25.572,27.721,26.519,28.077,26.311,27.86,27.206,30.24,24.766,27.682,26.266,27.658,26.245,28.563,25.837,27.625,26.209,28.331,27.169,28.057,26.778,29.306,26.678,27.881,27.119,29.279,25.712,28.067,24.428,28.75,27.324,29.767,25.985,26.437,26.012,27.096,26.176,28.597,26.914,26.904,16.199,26.532,25.597,29.307,26.398,28.448,26.99,28.475,27.037,28.496,26.786,29.446,25.583
"Sep 22, 2013",29.152,,30.21,23.537,27.892,,29.542,20.509,28.651,24.09,27.104,,28.086,25.193,28.659,20.539,28.165,,27.766,,28.435,,27.06,,28.703,,27.741,,30.59,23.537,30.745,,29.057,,28.912,24.975,28.394,,28.292,,28.292,,28.652,,29.224,,29.669,,28.061,,29.403,,27.566,,27.203,21.888,28.415,24.907,29.016,25.172,26.736,,28.382,24.815,28.204,,28.705,,27.933,,31.805,,28.726,20.596,28.046,,29.264,23.851,29.553,,27.519,,27.727,,29.618,,28.774,,28.385,24.895,27.395,,28.983,24.971,29.578,25.067,27.83,,28.234,,27.634,,27.338,,28.698,25.718,29.006,,28.106,,28.694,,28.321,,29.856,24.374
"Sep 30, 2013",31.912,,27.609,24.777,28.371,,30.75,24.007,29.331,,29.376,,24.571,23.648,30.405,25.565,29.326,,29.287,19.233,28.91,,27.931,,29.531,24.741,31.823,,27.301,24.628,31.755,23.73,31.015,,26.529,23.634,31.127,,31.61,26.278,31.61,26.278,30.545,,29.725,24.916,30.296,,28.975,,30.702,24.974,29.603,,29.68,26.365,25.116,24.06,30.911,24.948,28.562,,25.46,23.595,31.022,,31.01,,31.035,24.982,31.83,23.929,29.361,,30.098,,26.392,24.846,31.168,,31.88,,31.545,26.63,30.526,25.147,29.01,25.593,24.593,23.468,27.611,,30.683,25.907,26.224,23.753,27.997,,29.193,,30.548,25.264,29.35,,28.163,,28.311,24.816,31.571,25.341,30.372,25.011,31.092,25.399,25.554,23.233
"Oct 8, 2013",30.651,24.33,29.215,22.867,28.525,22.871,28.333,24.011,27.88,24.214,28.038,23.814,28.224,22.486,28.777,22.931,27.519,23.956,28.243,21.325,26.249,24.743,26.392,24.57,29.195,22.728,29.56,24.589,29.025,23.225,29.545,21.723,29.449,23.42,28.112,21.004,29.392,24.114,30.158,24.192,30.158,24.192,29.31,24.876,29.864,22.846,28.539,23.56,27.869,24.213,28.681,21.892,28.777,21.594,28.426,25.055,28.142,23.696,28.924,23.038,27.495,23.762,28.282,23.069,30.277,23.555,28.687,23.975,29.576,23.934,30.039,22.705,28.583,24.421,30.118,23.761,28.536,22.711,29.153,24.354,30.743,24.604,30.082,24.165,29.219,23.165,27.867,24.196,28.169,21.365,28.14,23.888,29.133,24.287,28.792,22.013,25.993,24.517,27.725,24.044,28.95,24.509,28.04,22.15,27.902,24.317,28.753,22.715,29.624,23.561,26.925,24.907,29.458,23.225,28.096,21.283
"Oct 16, 2013",29.36,25.082,27.793,24.576,27.46,24.913,28.918,24.598,27.164,25.026,27.553,25.504,27.709,23.568,27.623,24.756,26.905,24.844,27.416,22.844,26.504,24.793,27.436,25.645,28.338,23.712,29.144,25.763,27.955,23.946,28.673,24.652,28.7,25.289,27.67,23.434,28.428,25.569,28.589,25.265,28.589,25.265,28.878,24.827,28.028,23.877,27.743,24.309,27.257,25.438,27.472,24.454,27.147,23.856,27.639,25.925,27.261,23.8,27.222,24.501,27.62,25.55,27.395,23.158,29.046,25.738,28.072,24.506,28.679,24.9,28.745,24.38,28.679,24.575,28.918,25.757,27.071,23.721,28.566,25.472,29.167,26.185,28.381,25.811,28.378,25.058,28.119,25.17,27.441,22.868,27.892,25.772,27.585,25.561,27.785,22.946,27.146,25.297,26.756,25.066,28.379,25.189,26.953,24.206,27.837,25.343,27.607,23.873,28.673,24.806,28.122,25.83,28.705,24.583,28.289,22.92
"Oct 24, 2013",28.523,22.23,27.326,21.468,28.605,21.978,27.553,21.068,27.708,23.049,27.276,22.971,27.019,20.88,26.463,21.869,27.586,22.883,27.444,20.905,26.881,22.648,26.767,23.23,27.094,21.178,28.12,22.366,26.937,20.892,28.652,20.887,28.515,22.551,26.935,20.542,28.605,22.699,27.628,21.835,27.628,21.835,27.701,21.617,27.586,21.236,27.992,22.628,27.206,22.496,28.258,21.523,25.909,20.863,26.61,22.769,26.721,21.075,27.413,21.072,26.998,23.245,27.292,20.536,29.028,22.765,28.238,22.494,28.107,22.321,28.271,20.565,27.182,20.557,28.793,21.785,26.893,21.313,28.578,23.81,28.433,22.467,28.112,21.908,27.577,21.51,26.513,22.37,26.883,20.056,27.844,22.987,27.526,22.484,26.904,19.508,26.793,22.995,27.568,22.541,27.729,22.835,26.658,21.274,28.113,23.09,27.389,21.332,27.323,21.889,26.515,22.909,26.79,21.732,27.34,20.125
"Nov 1, 2013",29.2,21.3,27.7,21.416,27.592,20.19,27.114,20.609,27.097,22.673,27.217,22.011,26.789,19.841,27.509,20.542,27.053,21.981,26.859,19.181,27.123,21.438,27.116,22.37,27.425,20.245,28.709,21.638,26.992,21.191,29.373,20.586,28.601,21.731,27.389,19.661,28.352,21.384,28.307,21.197,28.307,21.197,28.308,21.193,28.177,20.158,27.862,21.92,27.128,21.486,28.4,20.763,26.49,18.857,27.544,22.212,26.468,20.171,27.697,20.921,27.145,22.08,27.122,19.581,28.818,21.513,28.253,21.166,28.555,20.886,28.985,20.409,27.151,20.582,28.894,21.672,26.993,20.781,28.328,22.491,29.284,22.042,28.445,21.374,27.776,21.127,27.399,21.398,27.414,19.509,27.541,21.996,28.113,21.358,27.852,19.227,27.105,21.971,27.129,21.464,28.016,21.433,25.966,19.843,27.403,23.183,27.592,19.879,28.039,20.597,26.592,22.576,27.813,20.287,28.198,19.318
"Nov 9, 2013",29.784,19.05,27.918,17.69,28.252,19.53,27.889,19.544,26.196,20.894,26.742,19.867,27.109,16.521,27.959,18.264,26.013,20.287,27.371,19.743,26.268,19.653,26.611,20.822,27.992,17.053,29.108,19.644,26.797,17.398,29.607,16.928,28.679,19.745,27.35,15.505,28.746,18.701,28.278,19.087,28.278,19.087,28.56,19.206,28.867,17.896,27.793,18.956,26.504,18.817,28.908,17.157,27.273,18,27.866,20.319,26.575,17.887,28.114,17.414,26.937,20.277,27.531,16.483,28.976,19.018,28.812,17.987,29.326,18.296,29.533,16.647,27.601,18.708,29.02,19.602,27.387,16.978,28.009,19.862,29.701,20.236,28.546,19.341,28.078,17.691,27.812,19.799,27.551,15.608,27.737,20.695,28.747,18.357,28.096,15.224,26.606,20.023,26.549,19.233,28.466,18.682,26.448,19.724,26.323,21.039,28.238,17.772,28.92,17.944,27.179,21.728,28.716,17.781,28.336,14.951
"Nov 17, 2013",28.352,17.135,26.976,16.14,26.726,18.153,26.791,17.166,24.735,19.136,25.151,18.206,26.857,16.047,26.418,16.87,24.881,18.674,26.095,19.081,25.294,17.775,25.448,19.013,27.208,15.603,27.894,17.566,25.995,15.697,27.922,15.659,26.647,17.615,27.007,15.482,27.619,16.645,26.978,17.182,26.978,17.182,27.399,17.438,27.216,16.423,26.248,17.54,24.577,17.24,27.704,15.846,25.219,16.653,26.911,18.384,26.22,16.879,26.936,16.004,25.197,18.334,27.367,16.276,27.556,16.934,27.911,16.169,27.942,16.438,28.005,15.401,26.367,17.029,27.121,17.596,26.655,15.574,26.149,17.891,28.261,18.002,27.31,17.455,26.909,16.023,26.306,18.024,27.179,15.848,26.067,18.245,27.384,16.413,27.488,15.831,25.487,18.349,24.88,17.644,27.205,16.774,24.598,18.786,24.828,19.382,26.9,16.694,27.316,16.127,26.025,19.573,27.177,15.931,27.845,15.453
"Nov 25, 2013",27.853,17.73,27.065,16.546,25.778,18.51,26.504,18.401,23.96,19.365,24.422,18.501,26.814,16.65,26.34,17.454,24.113,19.082,24.908,18.703,24.485,18.201,24.656,19.218,27.531,16.671,27.646,18.307,26.294,16.22,26.976,16.886,26.625,18.203,26.739,16.3,27.057,17.448,26.535,17.8,26.535,17.8,27.019,18.433,26.921,16.892,25.538,18.107,24.362,17.679,27.127,16.959,24.685,17.638,26.155,18.899,26.489,17.123,26.52,16.685,24.667,18.701,26.921,16.871,27.813,17.85,27.512,17.054,27.448,17.236,27.212,16.266,26.18,18.099,27.279,18.005,27.423,16.554,25.98,18.355,27.767,18.441,26.812,18.133,26.877,16.63,26.461,18.559,26.669,16.663,25.536,18.738,27.331,17.008,26.788,16.807,25.047,18.694,24.353,18.13,26.988,17.491,23.427,18.765,24.325,19.591,26.744,16.892,26.988,16.987,25.606,20.353,26.924,16.747,27.204,16.246
"Dec 3, 2013",27.528,17.7,25.366,16.465,26.564,18.367,26.112,17.507,23.885,19.219,24.502,18.191,26.573,16.682,25.817,17.483,23.527,18.531,24.902,18.719,25.002,17.484,25.439,18.844,26.445,16.759,27.732,18.211,24.832,15.61,25.999,16.952,27.236,18.06,26.537,16.011,27.229,17.286,26.488,18.002,26.488,18.002,26.897,18.206,25.744,17.196,25.113,18.336,24.249,17.601,26.432,17.22,25.265,17.457,26.278,18.551,26.15,17.136,25.711,17.21,25.625,18.299,26.584,16.66,26.919,17.495,27.097,17.302,26.861,17.26,25.51,16.715,26.201,17.745,26.831,17.703,26.079,16.386,25.882,18.441,27.644,18.453,26.475,17.819,25.656,17.205,26.079,18.105,26.131,16.536,25.971,18.337,26.56,17.614,26.083,16.394,25.244,18.001,23.427,17.89,26.683,18.005,24.388,18.903,24.033,19.418,26.401,16.923,25.483,17.454,25.018,19.59,25.857,17.194,26.912,15.559
"Dec 11, 2013",24.76,13.474,23.13,13.465,25.443,13.972,23.709,13.628,23.08,16.266,23.49,15.175,21.773,13.253,23.793,13.643,22.809,15.696,23.502,13.447,24.097,14.562,23.891,16.094,23.014,13.248,24.342,13.706,22.685,12.986,23.713,13.029,24.573,13.859,22.2,12.574,25.056,13.273,23.699,13.848,23.699,13.848,23.872,14.028,23.301,13.127,24.103,14.697,23.547,14.053,24.794,13.2,23.654,12.565,23.263,14.729,22.096,13.638,23.661,13.298,23.538,15.429,21.51,12.989,24.727,13.69,25.53,13.336,23.811,13.187,23.745,12.844,23.859,13.469,24.495,13.668,22.878,12.87,24.354,14.71,24.474,14.281,23.753,13.771,23.157,13.311,23.722,14.462,21.06,12.723,24.163,14.88,23.924,13.403,21.2,12.719,24.21,15.296,23.429,14.496,24.551,13.783,22.659,14.036,23.405,16.637,23.65,13.135,23.027,13.533,22.331,16.048,23.845,13.089,21.667,12.196
"Dec 19, 2013",22.799,14.797,22.911,14.61,23.646,14.66,20.827,14.266,22.79,17.199,22.462,15.922,21.08,12.887,22.358,14.517,22.337,16.481,21.97,13.739,23.757,15.749,23.01,16.931,22.728,13.576,22.379,15.164,21.677,13.958,24.29,15.155,22.166,15.362,21.424,12.6,24.131,14.597,21.553,15.033,21.553,15.033,22.073,14.781,22.444,13.569,23.866,15.915,23.085,15.345,24.917,14.919,21.481,13.477,22.25,15.44,20.339,13.082,23.585,14.742,21.85,16.332,20.931,12.237,23.088,14.821,24.632,14.275,23.21,13.988,24.088,14.931,20.875,14.314,22.609,14.815,22.676,13.522,23.878,15.273,22.575,15.32,21.148,14.716,23.88,14.072,21.623,14.572,20.61,12.452,23.843,16.031,24.331,14.202,20.968,12.157,23.782,16.189,22.895,15.681,24.09,14.648,20.825,14.356,23.116,17.776,22.763,13.543,22.765,13.976,20.2,15.456,22.819,14.047,21.607,12.068
"Dec 27, 2013",22.782,12.468,20.271,11.424,22.51,13.171,22.782,13.069,21.119,15.492,21.173,13.902,20.349,11.926,20.334,12.346,20.764,14.617,21.846,13.311,22.026,13.628,21.402,14.866,20.532,11.59,19.906,13.127,21.109,11.334,21.09,12.209,21.52,13.136,20.471,11.668,22.675,12.445,21.677,12.706,21.677,12.706,20.92,13.175,18.365,11.391,22.026,13.847,21.508,12.916,22.594,12.53,20.502,11.834,19.606,13.57,20.845,12.316,20.797,11.842,21.052,13.987,21.379,12.488,22.407,12.834,23.015,12.704,21.186,11.554,20.037,11.859,21.784,13.351,22.144,12.554,19.673,11.601,22.516,13.746,21.836,13.202,20.608,12.784,19.887,11.617,18.781,13.227,21.073,12.451,21.593,13.868,20.711,11.888,21.532,12.888,22.069,14.219,21.412,13.489,22.282,12.748,20.667,13.458,21.562,15.996,19.556,11.842,20.054,11.686,21.251,14.788,20.124,11.257,20.347,11.931
"Jan 1, 2014",22.778,12.914,21.024,11.497,23.107,13.332,22.354,13.488,21.266,15.011,21.402,14.264,22.062,12.216,21.761,12.787,21.04,14.653,22.055,13.335,22.778,13.723,21.821,15.03,22.374,11.811,22.99,13.635,21.22,11.184,21.585,11.332,22.963,13.384,21.962,11.744,22.256,12.263,22.225,13.336,22.225,13.336,22.939,13.477,22.525,11.923,21.928,13.266,21.75,13.445,22.159,11.771,21.387,12.242,22.173,14.146,22.316,12.728,21.149,11.605,21.53,14.282,22.57,12.582,22.202,12.856,22.465,12.215,21.646,11.735,21.499,11.108,21.766,13.117,22.011,12.806,21.623,11.462,22.199,13.468,22.843,13.676,22.48,13.453,21.534,11.67,22.123,13.467,22.162,12.417,22.294,14.128,21.281,11.877,22.425,12.311,22.589,14.172,21.607,13.931,21.71,12.458,20.743,13.582,21.391,15.323,22.798,12.316,21.42,11.773,21.574,14.615,21.656,11.986,21.779,11.352
"Jan 9, 2014",23.647,13.299,20.519,12.743,24.233,13.79,23.082,14.52,22.111,14.882,22.329,13.838,21.265,12.304,22.281,14.001,21.999,14.176,23.215,14.172,23.11,13.698,22.619,14.656,21.469,12.875,23.559,14.101,20.282,11.88,21.664,12.562,23.992,13.874,21.236,11.503,23.607,12.522,22.444,13.699,22.444,13.699,22.782,14.139,21.95,13.065,22.579,14.017,23.028,13.204,22.795,13.081,22.824,13.288,21.701,14.637,21.473,12.614,21.296,13.034,22.401,14.192,21.514,12.409,23.596,12.582,23.775,12.795,22.777,12.761,21.608,12.397,21.993,14.164,23.182,12.844,20.756,12.25,23.705,13.718,24.214,13.951,23.143,13.778,20.174,13.087,22.74,14.763,21.234,12.423,23.43,14.131,21.845,12.756,21.301,12.435,23.391,14.142,22.689,13.475,23.117,12.918,21.831,14.632,21.664,15.333,22.58,13.727,21.757,12.951,22.165,15.568,22.24,13.33,20.361,11.194
"Jan 17, 2014",24.025,14.697,23.156,14.959,25.99,15.585,25.346,15.042,21.889,15.846,22.857,15.326,23.645,13.772,23.822,16.088,22.077,15.386,25.01,15.356,24.124,14.912,23.688,16.078,23.996,14.371,24.56,16.205,23.463,14.709,22.916,13.767,24.819,16.016,23.916,13.385,23.516,13.557,23.788,15.565,23.788,15.565,24.475,16.429,24.239,14.818,22.692,15.705,23.94,14.787,23.638,14.041,24.543,15.035,23.269,16.937,24,14.399,23.403,13.606,23.612,15.799,23.83,13.899,23.716,14.213,23.505,13.822,23.465,13.29,22.233,13.875,24.92,15.404,23.181,14.302,22.94,15.026,23.501,15.021,24.409,15.421,23.831,15.871,23.698,14.5,23.874,16.805,24.029,13.773,24.974,16.08,23.803,13.399,24.402,14.041,24.412,15.425,23.484,14.763,23.365,13.642,23.657,15.955,22.17,16.36,24.294,15.739,23.716,14.215,23.599,16.759,23.634,14.629,22.914,13.048
"Jan 25, 2014",23.277,13.712,21.71,12.799,25.271,15.345,25.223,14.432,22.382,15.391,22.307,14.558,21.13,12.531,22.385,15.231,21.535,14.671,25.398,15.987,23.479,13.891,23.01,15.351,22.398,12.742,23.244,15.366,20.968,12.523,22.227,13.172,23.418,15.408,20.477,12.403,22.518,12.378,22.556,14.161,22.556,14.161,23.489,15.364,21.601,13.542,22.739,14.868,22.292,13.605,22.669,13.096,23.687,14.257,22.358,15.86,20.789,13.395,21.77,12.61,22.835,14.797,21.088,13.076,22.681,13.29,23.02,12.851,22.451,12.205,21.872,12.964,24.596,14.835,21.9,12.836,21.709,13.044,23.149,13.856,23.73,14.56,21.76,14.762,22.664,13.137,22.363,16.044,21.194,12.902,23.467,14.924,22.698,12.849,20.651,12.451,24.228,14.37,21.935,13.712,22.453,13.014,23.463,15.854,22.573,15.8,21.456,14.704,22.699,13.277,22.808,15.824,22.454,13.684,19.022,11.639
"Feb 2, 2014",25.21,15.918,24.996,14.493,26.712,15.929,26.19,14.581,23.838,17.236,23.725,16.767,24.96,14.429,24.069,16.072,23.646,17.006,25.97,15.749,26.138,16.495,24.417,16.922,24.594,15.031,24.227,16.308,23.85,14.239,24.314,15.429,24.088,16.574,25.308,14.16,24.613,14.968,24.701,15.831,24.701,15.831,24.761,15.807,24.253,15.385,24.576,17.153,24.715,16.11,24.779,15.78,25.318,14.483,23.864,16.002,24.832,14.505,24.389,14.675,24.225,16.37,25.019,14.152,24.311,15.898,24.822,15.442,24.753,14.602,24.095,15.01,25.662,15.039,23.592,15.298,25.257,14.926,24.602,16.23,24.687,16.5,24.187,15.989,24.54,14.761,24.255,16.238,24.511,14.292,25.303,15.908,25.024,14.871,25.134,13.364,26.392,16.322,24.389,16.436,24.521,15.179,24.489,15.949,24.183,17.637,23.839,15.952,24.798,15.491,24.203,15.41,24.693,15.735,24.647,13.172
"Feb 10, 2014",25.596,15.301,23.165,13.815,28.211,16.358,26.128,14.067,23.698,17.263,24.693,16.25,23.145,13.093,24.284,15.704,23.756,16.697,27.04,16.519,27.338,16.538,25.649,16.77,23.884,14.352,24.948,16.206,22.483,13.483,23.527,14.66,25.575,16.263,23.077,13.153,24.937,14.486,25.047,15.209,25.047,15.209,25.47,14.937,23.903,14.449,24.097,16.824,25.433,15.955,24.033,15.274,27.209,15.176,23.611,15.736,23.801,13.104,23.636,14.047,25.753,16.274,22.945,12.285,24.9,15.146,24.592,14.997,25.333,14.127,23.31,14.075,26.363,13.926,24.426,14.358,22.758,14.467,24.58,15.736,25.671,15.757,24.862,15.852,23.23,13.897,23.905,16.016,22.825,13.108,26.852,15.611,24.217,14.138,23.619,11.702,27.74,16.492,24.807,16.047,24.307,14.559,25.603,16.235,23.828,17.917,23.928,14.906,24.23,14.895,23.828,15,24.322,15.106,22.645,10.662
"Feb 18, 2014",26.278,16.7,24.673,15.444,27.36,16.529,26.311,15.642,24.32,17.551,24.768,17.067,24.501,15.673,24.809,17.545,24.254,17.049,26.567,15.719,26.164,16.625,24.802,17.853,24.545,16.216,25.115,16.949,23.956,15.285,24.733,16.073,25.523,17.069,23.969,16.018,26.054,15.573,25.254,16.517,25.254,16.517,25.581,16.122,24.713,16.321,25.417,17.505,25.811,16.863,25.261,16.467,26.759,15.289,23.966,16.619,24.516,16.042,24.594,15.504,24.689,17.16,24.557,15.405,25.89,16.247,25.846,16.38,25.25,16.015,24.689,15.682,26.894,15.531,25.465,15.448,24.096,16.532,25.8,16.751,26.225,16.957,25.192,16.895,24.544,15.186,24.307,17.54,24.167,15.938,25.843,16.202,24.912,15.842,24.767,15.076,26.052,16.902,25.221,16.817,24.673,16.135,25.559,16.164,24.319,18.118,24.371,17.116,24.794,16.334,24.121,16.301,25.088,16.949,23.029,14.391
"Feb 26, 2014",28.204,17.58,24.899,18.119,29.019,18.286,28.195,16.615,25.804,19.59,26.897,18.357,25.107,17.47,25.272,17.945,25.645,18.887,29.21,18.061,28.44,18.197,26.458,19.307,23.918,18.461,25.531,18.16,24.403,17.632,23.265,17.092,26.507,17.874,24.872,17.848,27.993,16.536,26.073,17.394,26.073,17.394,26.41,16.889,23.712,17.574,26.614,18.822,27.665,18.16,26.274,17.764,28.528,17.117,24.311,17.417,25.11,17.015,22.592,16.947,26.589,18.452,24.332,16.444,28.415,16.847,28.66,17.225,27.146,17.238,22.861,16.885,27.894,16.264,27.112,16.442,24.093,18.416,26.786,17.471,27.101,18.177,25.167,17.999,23.249,17.214,24.162,17.729,24.943,17.168,27.455,18.093,24.632,16.854,24.392,15.932,28.42,18.516,26.902,18.207,27.611,17.118,27.436,18.173,25.622,20.226,23.658,17.64,22.646,17.862,24.579,16.924,24.346,17.583,23.058,15.784
"Mar 6, 2014",29.849,17.849,27.289,17.335,30.334,17.563,29.597,16.18,27.164,19.65,27.813,19.015,25.963,17.378,26.535,17.656,26.968,19.469,29.918,17.206,30.693,18.929,27.996,20.016,26.406,18.607,27.427,17.526,26.839,16.828,27.248,16.92,28.038,17.957,25.859,17.579,30.62,17.112,28.122,17.31,28.122,17.31,28.586,16.35,27.053,17.321,28.614,18.737,29.216,18.756,29.41,17.526,29.98,15.702,25.917,16.968,26.411,17.055,27.918,16.518,27.855,18.96,25.911,16.419,30.241,17.799,30.682,17.561,29.379,17.727,28.642,16.631,30.189,15.863,29.636,16.826,25.883,18.161,29.556,18.131,29.216,18.085,27.499,17.689,27.673,16.359,25.459,17.204,26.18,17.15,29.299,17.825,28.619,17.009,28.347,16.171,30.556,19.125,28.385,18.838,29.966,17.239,28.957,17.141,27.34,20.292,26.201,17.296,27.877,17.83,26.001,16.273,27.744,17.481,27.413,16.198
"Mar 14, 2014",32.529,19.95,30.953,19.579,31.279,20.72,30.998,19.149,29.316,22.92,29.991,21.783,28.648,19.494,28.325,20.003,28.871,22.243,31.388,20.06,32.332,22.322,29.559,22.543,28.742,20.311,29.407,20.4,30.242,19.061,31.015,18.903,29.562,20.617,27.962,19.883,33.542,19.507,30.84,19.714,30.84,19.714,29.81,20.356,29,19.155,30.845,21.504,31.407,22.036,32.158,19.561,31.106,19.355,27.624,19.951,29.19,18.884,32.121,18.898,28.952,21.559,28.538,18.47,32.519,20.503,33.852,19.449,31.901,19.66,32.264,18.653,31.319,19.723,32.606,19.807,28.755,19.962,32.243,20.562,31.235,20.496,29.629,20.226,30.842,18.652,27.168,20.035,27.807,19.15,30.572,21.147,32.149,19.051,30.576,18.777,32.231,22.443,30.302,21.899,33.063,19.209,29.916,20.2,28.981,23.467,27.149,19.232,29.821,19.488,27.712,19.505,29.516,19.384,29.254,18.865
"Mar 22, 2014",33.154,23.83,32.145,22.295,31.965,23.062,29.719,20.768,29.914,24.185,31.291,24.931,29.472,21.217,28.605,22.276,29.951,24.19,32.889,21.476,32.442,24.07,29.844,24.786,29.558,22.397,29.049,23.416,31.3,21.74,31.632,22.432,29.731,24.321,28.689,21.423,34.442,23.733,30.908,23.258,30.908,23.258,29.382,22.187,29.83,21.935,30.676,23.625,32.266,24.819,32.496,23.066,32.142,22.054,27.196,22.204,29.497,20.377,32.72,22.165,28.602,24.662,29.149,19.834,33.915,24.745,34.126,23.632,32.593,23.325,33.341,21.874,30.917,21.814,32.678,24.379,29.525,21.895,32.98,24.331,31.616,24.362,29.066,23.731,31.797,22.046,26.955,21.378,28.306,20.521,30.647,24.102,32.764,22.701,31.708,19.825,32.076,24.361,31.444,24.512,33.263,23.28,31.393,22.175,29.679,24.339,27.886,21.814,30.826,22.408,27.219,20.786,30.302,22.428,30.398,20.784
"Mar 30, 2014",33.91,22.422,32.798,22.007,32.269,23.713,30.582,20.427,31.263,24.544,30.45,24.229,29.49,19.399,29.062,21.086,30.763,24.216,34.056,23.043,33.359,24.135,30.184,24.306,29.915,21.192,31.12,23.142,32.249,21.315,34.15,22.834,30.982,23.54,28.866,19.648,35.443,22.862,32.581,22.186,32.581,22.186,31.065,21.73,30.709,20.119,32.101,23.918,31.309,23.991,34.415,23.15,33.589,22.914,29.054,21.46,30.419,19.279,35.019,22.495,29.313,24.076,29.524,18.726,33.924,23.425,35.27,23.301,33.388,21.939,36.152,22.851,31.642,21.181,34.096,23.12,30.103,21.208,34.225,23.993,32.679,23.292,30.681,22.615,33.483,21.652,27.784,20.384,28.445,18.931,30.481,23.659,34.268,21.818,30.775,18.679,32.418,24.089,30.956,23.955,35.172,22.498,32.893,23.201,31.223,24.814,28.293,20.009,31.334,21.167,28.887,20.016,31.407,20.991,31.231,19.353
"Apr 7, 2014",32.909,22.95,33.066,21.953,33.545,23.865,29.851,21.625,31.191,24.245,30.999,24.165,30.891,20.989,29.226,22.115,30.96,24.202,35.845,22.908,33.834,24.319,30.565,24.867,30.586,22.127,30.5,21.897,33.695,21.579,34.325,22.878,30.756,23.28,29.702,20.692,34.914,23.381,31.919,22.568,31.919,22.568,29.558,21.55,31.032,22.167,32.17,23.153,32.242,24.021,34.664,23.052,34.233,22.516,28.828,21.227,31.152,20.406,34.076,22.161,29.544,24.409,30.596,20.182,33.377,23.767,34.902,23.287,32.693,22.795,35.753,22.718,30.557,21.284,33.491,23.548,31.717,21.237,34.104,24.041,32.06,23.662,30.162,22.027,34.396,21.723,28.022,21.479,29.011,20.365,31.336,24.051,34.307,22.283,31.841,20.011,32.42,24.555,31.745,23.986,34.107,23.452,33.204,23.183,31.251,24.36,28.6,22.026,31.524,22.314,28.236,20.718,31.022,22.487,31.598,20.009
"Apr 15, 2014",34.208,23.906,35.021,23.732,35.053,24.753,32.336,22.6,32.491,26.392,32.233,25.403,30.896,21.929,30.268,22.645,32.234,26.147,37.58,25.041,35.325,25.25,31.82,25.808,30.946,22.961,32.628,23.544,35.385,22.755,36.041,24.293,32.99,24.224,30.761,21.703,36.189,24.49,33.724,23.347,33.724,23.347,31.929,23.26,31.861,22.312,33.317,24.92,33.412,25.669,35.593,24.271,36.633,23.946,30.322,23.247,32.074,21.838,36.328,24.268,30.689,25.102,31.546,21.262,34.423,24.974,36.328,24.423,33.358,23.482,36.941,24.276,33.212,22.902,34.357,24.259,32.475,22.765,35.579,25.167,33.465,24.509,32.493,23.451,35.404,23.498,29.759,22.561,30.776,21.2,32.859,24.517,35.865,23.837,33.696,20.869,34.428,25.671,32.831,25.466,36.125,24.206,36.119,24.788,32.147,26.262,29.715,22.18,31.749,23.141,30.608,22.355,31.656,22.856,33.318,20.818
"Apr 23, 2014",34.859,25.077,36.063,25.206,34.692,25.589,31.824,23.207,32.194,26.312,32.295,25.826,31.615,23.424,31.042,23.828,32.116,25.959,36.957,24.582,35.01,26.145,31.455,26.54,31.698,24.211,33.063,24.559,36.776,24.762,37.064,26.085,33.337,25.223,31.461,23.738,36.47,25.265,33.974,24.997,33.974,24.997,32.396,23.98,32.175,23.465,33.942,25.618,32.644,26.06,35.678,25.694,36.307,24.893,31.117,24.072,33.314,23.093,36.861,25.761,31.004,26.02,33.033,22.665,34.963,25.304,35.5,25.45,34.372,24.689,37.781,26.238,32.544,23.603,34.159,24.686,33.573,24.563,35.381,25.635,33.448,25.081,32.665,24.752,36.514,25.304,30.327,23.056,31.897,23.029,33.292,25.814,36.998,25.144,34.189,22.141,33.993,26.266,32.615,25.654,36.032,25.367,35.662,24.969,32.265,26.403,30.715,23.38,33.428,24.299,30.882,22.8,32.925,24.143,34.162,22.954
"May 1, 2014",31.279,23.423,31,24.346,34.451,21.923,30.679,19.424,30.115,25.793,30.813,24.366,27.809,21.798,28.58,22.607,29.963,25.684,37.967,22.284,31.537,25.544,30.221,24.893,29.256,22.563,32.329,21.688,30.491,25.257,35.335,24.495,33.515,22.244,28.712,21.82,33.485,24.301,31.024,22.311,31.024,22.311,30.55,20.292,28.859,21.496,31.815,25.849,31.234,25.693,33.78,24.883,35.229,21.834,29.736,22.263,27.972,21.358,32.628,24.769,29.765,25.23,27.61,21.166,32.954,22.882,33.012,25.321,31.311,24.657,34.309,24.547,30.444,20.642,30.907,23.284,30.043,23.052,32.946,25.527,30.893,23.057,30.06,22.376,32.014,24.257,27.51,22.283,27.337,21.483,32.298,22.333,32.075,25.322,27.987,20.69,31.452,25.313,31.048,25.597,32.424,25.068,34.401,22.065,29.464,26.252,27.62,22.455,30.308,23.78,28.723,20.265,30.405,23.073,29.477,21.757
"May 9, 2014",33.088,23.262,35.24,23.366,30.294,24.628,26.935,18.048,32.214,24.612,30.67,23.712,32.04,23.396,31.242,23.813,31.464,24.752,29.417,23.493,31.696,24.629,28.901,24.362,33.801,23.513,29.837,22.078,37.285,23.408,38.24,25.752,30.897,22.756,32.138,23.117,33.067,23.361,32.684,23.918,32.684,23.918,28.336,21.122,33.375,23.196,36.913,24.888,29.969,24.071,37.02,25.376,28.571,24.404,28.824,23.335,31.163,23.665,35.91,24.6,29.405,23.489,30.987,23.569,33.329,23.286,36.499,24.961,33.25,21.927,38.562,25.394,27.424,24.45,31.185,22.987,35.666,23.226,38.227,24.862,30.826,22.527,30.94,22.722,35.058,23.695,28.416,24.45,31.106,23.592,30.806,23.941,35.78,24.132,32.363,23.542,30.059,24.543,31.055,24.346,33.919,23.337,28.367,24.129,32.285,24.726,32.46,22.926,33.56,23.476,26.354,22.019,33.698,23.621,33.545,23.276
"May 17, 2014",32.652,25.637,35.969,26.409,31.589,25.949,28.714,26.215,31.99,25.531,29.593,25.285,30.118,24.137,30.203,24.169,30.841,25.23,32.511,24.158,31.386,25.422,28.89,25.383,31.542,25.369,30.11,26.361,37.755,26.557,38.133,26.856,32.247,26.223,30.436,24.251,33.08,24.998,31.195,25.265,31.195,25.265,29.48,26.575,30.771,24.655,36.452,25.929,29.398,25.486,36.381,26.123,30.779,25.342,28.531,26.289,29.232,23.508,36.476,26.653,29.502,25.695,28.89,23.914,33.612,25.216,34.831,25.623,31.942,25.434,39.054,27.573,28.971,25.85,31.607,25.283,34.589,25.798,36.97,25.456,31.332,25.044,29.89,25.604,33.596,26.029,27.51,25.859,28.997,24.175,31.384,26.01,34.71,26.038,29.527,24.174,30.214,25.385,29.87,25.29,33.26,25.898,30.271,25.077,31.931,25.573,30.156,23.812,31.677,25.298,28.211,26.643,31.651,24.961,30.309,24.279
"May 25, 2014",29.067,23.578,31.833,23.613,31.145,23.931,32.279,21.468,29.02,24.285,29.556,24.753,29.619,21.49,32.661,23.418,28.748,24.824,31.146,22.483,28.906,24.654,28.53,24.651,34.363,22.087,29.281,23.056,32.12,22.726,30.965,24.213,30.275,23.304,31.226,21.405,28.95,22.808,29.02,23.386,29.02,23.386,30.521,24.019,34.928,23.066,31.07,23.215,29.275,25.065,34.034,23.466,31.023,21.854,28.264,23.039,31.116,22.23,30.695,23.669,29.235,24.547,32.182,22.268,30.27,24.208,32.614,23.37,28.723,22.485,30.314,24.634,31.528,22.534,29.683,23.813,33.163,22.439,31.729,23.644,28.985,23.736,30.411,23.616,32.864,23.242,34.146,23.334,32.22,22.398,29.281,24.483,32.365,22.705,31.983,22.231,28.806,24.442,28.869,24.888,30.058,22.975,30.256,22.107,28.395,24.316,35.121,23.703,33.213,22.575,30.264,23.27,30.787,21.456,31.372,20.704
"Jun 2, 2014",27.55,23.87,29.817,25.654,29.655,25.305,29.118,23.335,28.275,25.217,27.795,25.392,29.11,25.197,29.324,24.436,28.535,25.204,29.1,22.415,28.778,26.309,27.816,25.351,29.644,24.148,27.86,25.838,30.458,25.471,27.52,25.128,28.199,25.674,29.493,25.802,27.136,23.875,26.025,23.695,26.025,23.695,29.062,25.664,27.636,24.537,28.916,24.819,28.119,25.768,28.129,24.72,29.026,23.87,26.848,25.4,28.019,24.355,27.354,24.705,27.748,24.913,28.227,25.08,28.623,25.195,27.594,24.184,27.493,24.082,30.273,25.601,29.388,24.741,26.562,24.154,30.886,24.746,27.999,24.93,27.944,24.132,27.674,24.585,29.088,23.551,25.873,25.119,31.905,25.903,28.685,24.931,27.339,24.065,27.925,25.574,29.455,25.872,27.658,25.186,27.11,23.903,28.132,23.672,28.227,25.336,27.245,24.628,27.717,24.214,25.142,25.098,27.54,23.898,26.986,25.828
"Jun 10, 2014",29.209,24.274,31.435,23.216,30.105,,27.924,23.352,28.396,23.573,28.491,25.958,28.897,24.252,27.153,22.953,27.953,23.82,29.406,,29.718,25.153,29.099,24.087,31.448,18.89,28.132,23.145,30.54,22.279,30.616,23.778,28.847,23.727,27.789,24.35,27.779,24.622,29.04,22.805,29.04,22.805,28.631,23.317,28.657,24.19,29.682,24.405,28.396,26.048,30.324,24.313,29.663,20.753,27.311,21.672,29.204,21.688,30.564,23.688,28.545,24.1,29.016,23.01,28.907,,29.89,23.773,28.523,23.72,31.301,,29.272,19.558,28.33,24.513,32.764,22.204,30.581,25.094,28.675,22.254,28.026,22.26,32.354,,26.632,23.303,27.856,24.365,30.126,23.506,31.082,23.315,23.548,25.422,30.213,25.663,28.278,25.473,29.353,24.08,29.69,21.236,28.349,21.481,27.096,24.025,30.511,22.743,26.075,24.314,29.874,23.343,25.876,24.307
"Jun 18, 2014",,,,,,,29.334,,,,,,10.751,25.356,,,,,25.708,,,,,,,25.83,,,,24.543,,,,,,26.189,,,,,,,,,,25.163,,,,,,,24.799,,,,18.353,24.967,,,,,,25.685,,,,,,,,,27.603,,,,,26.375,,,,,,,,,,,,25.619,,,,,,24.171,,,,,,,26.03,,,,,25.722,,,,,,,,25.91
"Jun 26, 2014",25.895,,27.602,,29.127,24.817,27.236,,27.795,25.419,26.837,25.521,31.108,,29.441,,24.018,25.486,28.304,22.423,21.557,25.129,27.265,25.321,23.809,,26.449,,30.161,,26.79,,27.118,25.387,30.809,,27.141,,27.944,,27.944,,26.206,,26.757,,26.589,25.71,,25.59,29.194,,26.592,23.822,23.839,,27.626,19.886,28.385,,27.222,25.099,30.042,,25.33,25.275,28.543,,26.681,,27.011,,26.927,,25.849,25.006,31.33,,,25.328,,,27.579,,,,24.553,,,,27.644,25.477,28.568,,19.622,,,25.259,,25.351,27.69,,24.964,23.598,,25.717,26.764,,26.871,,24.536,,26.629,,,
"Jul 4, 2014",30.55,,,25.558,27.859,25.752,30.423,,26.756,25.442,27.058,25.877,,25.324,,,27.982,25.627,29.111,23.688,28.052,26.066,26.247,25.857,,25.253,28.392,,26.773,25.706,25.394,,29.288,27.031,30.009,25.865,27.856,,,,,,19.026,,8.31,24.502,23.203,26.046,27.253,25.472,30.899,,21.448,24.58,19.153,,13.302,24.35,,24.697,25.667,26.136,28.392,,26.245,25.544,23.096,,30.269,,30.195,,25.335,,28,,,25.802,24.152,,28.658,,27.205,,,,,,28.433,25.522,28.119,26.809,23.172,24.534,29.28,,28.024,26.196,30.061,25.733,,,26.945,24.38,26.992,25.747,,,,,,,,,30.936,
"Jul 12, 2014",28.89,,30.801,,28.934,,30.995,,27.55,,27.2,,,,32.43,,27.052,,27.708,,27.502,,28.685,,28.016,,30.463,,28.531,,28.428,,29.734,,,,28.297,,,,,,29.747,,30.035,,29.794,,28.461,,26.244,,29.347,,20.189,,20.793,,27.318,,30.157,,27.207,,29.395,,28.933,,26.818,,29.463,,29.505,,28.556,,30.361,,28.115,,30.823,,29.355,,29.816,,26.213,,23.45,,29.71,,27.574,,,,,,27.813,,27.46,,27.423,,27.303,,30.476,,29.112,,26.014,,29.07,,,
"Jul 20, 2014",30.304,,29.623,,28.389,,31.992,,20.563,,24.605,,34.95,,31.905,,25.005,,28.696,,23.221,,25.366,,21.072,,29.239,,30.655,,30.151,,24.714,,34.919,,28.815,,31.982,,31.982,,28.585,,27.659,,,,23.775,,26.433,,27.767,,27.58,,29.84,26.138,29.291,,23.342,,30.662,23.677,27.62,,,,28.575,,29.213,,31.303,,29.124,,32.689,,,,29.941,,30.779,,32.648,,24.653,,34.426,23.607,27.697,,29.548,,35.406,26.354,26.375,,24.28,,19.02,,27.376,,23.789,,29.221,,26.586,,26.123,,32.089,,35.921,
"Jul 28, 2014",27.215,25.09,28.091,24.824,29.346,,28.907,26.4,25.288,24.655,25.082,,,26.805,27.551,,25.58,24.168,29.211,24.17,25.28,,19.67,,,,27.001,,28.661,24.777,28.952,24.887,27.35,,29.37,,27.981,,24.756,25.499,24.756,25.499,28.221,,13.437,,28.674,24.982,26.24,,23.619,24.904,27.804,,26.653,,26.513,26.697,26.075,25.139,26.598,25.645,,26.758,21.971,,,,24.915,25.134,29.274,25.01,27.68,,23.296,,29.881,,25.805,,27.493,24.732,25.506,25,26.662,24.873,26.338,,,,27.967,,25.901,25.687,34.064,,27.154,,18.13,,26.966,25.252,26.664,,26.186,25.053,,,18.511,25.886,27.942,26.642,20.194,25.618,,
"Aug 5, 2014",28.66,,27.726,,27.368,,28.775,,26.214,,27.544,,,25.791,27.8,26.053,26.46,25.37,28.122,,27.187,,28.453,,25.087,25.222,27.684,,,,27.886,,27.58,,30.407,,27.498,,28.304,,28.304,,27.951,,28.101,,27.778,,27.233,,28.716,,30.388,,26.518,,27.56,21.147,27.829,,27.473,,,21.843,27.36,,27.731,,27.425,,29.496,,28.252,,27.821,,26.452,,27.851,,28.489,,28.683,,27.911,,25.039,,,,27.796,,27.753,26.187,,,26.305,,27.442,26.113,27.797,25.499,28.785,,25.618,,28.919,25.852,27.225,26.265,25.341,,27.431,,31.263,
"Aug 13, 2014",27.17,,,,,,,,,,28.845,,8.39,,,,27.208,,,,28.817,,,,,,,,,,28.669,,23.466,,,,,,,,,,,,,,28.644,,29.12,,29.152,,,,,,17.74,,,,,,,20.766,,,,,26.676,,,,,,26.915,,,,,,27.744,,,,,,,,,21.139,,,,,,,29.15,,27.172,,,,,,,,,,,,,,,,,
"Aug 21, 2014",,,,26.214,26.317,,16.931,,24.373,25.054,27.865,25.103,27.943,25.622,28.565,,24.599,24.92,27.589,,27.789,25.208,,25.079,,25.442,,,,,,,,,,25.605,,,,,,,,,28.522,26.297,28.117,,28.25,,,,,,,,27.122,25.24,27.578,,29.09,,26.267,,27.764,,,,,,,,16.04,,27.815,,,25.797,26.985,,,,,,,26.347,23.347,,27.04,,25.705,,25.314,26.868,29.226,,27.246,25.212,,24.852,27.333,,26.41,,29.669,25.097,29.439,,23.258,26.354,21.243,24.018,,26.241,,
"Aug 29, 2014",27.801,,28.367,25.967,28.153,,30.19,26.277,27.472,,24.668,,29.619,25.651,29.611,,26.013,,27.712,16.689,27.271,,24.329,,27.98,25.638,28.505,,29.155,24.878,27.593,,29.592,,28.897,25.531,26.112,,28.103,,28.103,,29.398,27.594,28.511,26.362,27.772,,,,27.085,,28.504,,27.062,27.085,28.179,26.485,28.134,,24.734,,30.48,25.825,26.959,,26.624,,26.398,,28.604,,29.586,,26.601,,28.644,25.594,22.117,,28.405,,28.175,,27.08,26.331,29.052,27.261,30.262,25.809,27.214,,27.321,,30.356,25.753,27.639,,26.501,,26.698,,27.655,,27.926,,30.948,25.699,25.597,,28.275,27.245,28.097,25.819,29.623,25.558
"Sep 6, 2014",28.645,26.05,25.843,25.467,27.41,25.046,26.795,26.322,27.841,25.34,27.535,25.589,26.784,25.207,30.258,25.538,27.169,25.17,27.312,,27.09,25.832,26.408,25.212,28.878,25.176,28.075,26.792,25.514,25.203,29.982,24.756,28.01,25.652,26.774,25.433,29.554,25.475,28.933,25.649,28.933,25.649,29.05,26.475,29.941,25.228,28.814,25.176,27.972,25.71,29.523,24.977,26.77,23.512,27.678,26.346,28.334,25.377,29.462,25.151,26.909,24.968,27.109,25.232,28.343,25.784,29.962,24.877,28.143,26.096,30.819,,27.002,25.23,28.148,25.93,25.959,25.596,29.154,25.773,28.754,26.213,28.738,26.066,29.282,26.138,28.79,25.807,27.581,25.248,24.054,25.188,29.233,26.061,27.106,26.154,26.564,25.651,28.079,25.565,29.697,25.324,26.396,24.804,26.846,25.402,29.403,25.273,29.051,25.816,26.498,26.154,29.648,25.691,24.817,25.512
"Sep 14, 2014",29.412,26.361,29.52,,30.452,,28.256,27.01,27.498,25.876,28.691,25.979,28.169,26.939,30.42,26.412,27.644,25.826,27.773,,28.518,25.86,27.183,26.348,28.481,26.057,30.464,26.96,29.452,25.814,29.153,25.847,30.701,26.474,28.358,27.058,26.428,26.242,30.227,26.129,30.227,26.129,30.232,26.896,29.886,26.683,29.278,26.237,28.658,25.424,29.619,26.139,29.932,,27.889,27.053,28.446,26.764,29.303,26.274,28.962,26.654,29.136,26.89,29.468,26.196,29.526,25.92,29.126,26.56,29.751,25.793,29.717,26.624,28.002,26.67,28.685,26.592,29.555,26.047,30.547,26.594,30.431,26.106,29.573,26.721,30.146,26.753,28.395,26.862,30.444,26.119,29.274,27.221,28.598,26.746,28.003,26.22,28.418,25.502,28.72,26.463,28.291,,28.246,26.404,29.553,26.653,29.453,26.961,27.243,27.474,29.442,26.936,28.404,26.718
"Sep 22, 2014",30.03,25.29,28.707,24.802,29.602,24.394,27.154,24.715,29.672,25.485,28.93,25.277,25.702,23.73,28.224,24.23,29.266,24.994,28.046,21.618,29.743,25.695,28.103,25.457,27.001,24.179,28.781,25.452,28.663,24.391,30.478,25.221,30.169,25.28,25.979,24.071,29.624,25.092,29.484,24.817,29.484,24.817,28.846,24.798,25.325,24.05,29.157,25.536,30.491,25.597,29.489,25.052,29.415,23.327,24.121,24.744,24.199,23.934,29.57,24.958,27.794,25.436,25.604,23.861,30.012,24.962,29.688,25.148,29.167,25.323,30.623,25.247,28.499,24.377,29.464,25.348,27.589,24.561,30.169,25.684,30.214,25.301,28.946,25.152,29.168,24.951,23.934,23.992,25.468,24.224,28.749,25.921,29.165,25.072,25.47,24.725,28.841,25.821,30.171,25.732,29.383,25.042,27.732,23.139,29.56,25.911,21.52,23.778,27.785,24.686,24.506,24.522,28.901,24.459,26.344,24.487
"Sep 30, 2014",30.969,25.33,29.716,25.662,29.506,24.056,30.214,25.577,29.388,25.307,29.124,25.394,28.911,25.129,29.505,25.284,29.444,24.9,28.706,21.422,29.467,25.218,28.417,25.853,29.231,25.239,29.492,26.496,29.596,25.287,31.235,23.935,29.917,25.708,28.898,24.881,30.178,25.161,30.333,24.994,30.333,24.994,29.727,25.592,29.297,25.581,29.646,24.756,29.819,24.983,29.77,24.312,29.285,23.635,28.663,26.23,28.517,25.49,29.527,24.558,28.799,26.086,28.873,25.088,30.672,25.207,29.826,24.925,29.927,25.44,31.351,23.991,30.101,24.919,30.261,25.505,28.949,25.576,30.352,25.343,30.809,25.49,29.916,25.383,29.728,25.885,29.289,26.326,29.068,24.807,29.379,26.252,29.847,26.014,29.389,24.737,28.886,25.8,29.906,24.655,29.453,25.362,28.783,23.482,29.622,25.5,28.752,25.191,29.569,25.928,28.705,26.333,29.675,25.49,29.76,24.788
"Oct 8, 2014",30.41,25.45,28.719,25.267,28.722,24.625,29.475,24.643,28.958,26.14,29.598,25.954,28.194,23.797,29.081,24.914,30.137,25.861,28.353,22.178,29.696,25.711,29.607,26.04,28.107,24.479,29.921,26.177,28.558,24.687,31.655,24.986,30.473,25.853,28.685,24.306,28.429,25.587,30.225,24.933,30.225,24.933,29.064,25.133,29.15,24.861,28.938,25.462,29.321,25.891,29.067,25.05,28.593,22.941,28.353,26.225,28.149,24.597,28.852,24.935,29.508,25.87,28.583,24.5,30.752,25.311,28.412,25.348,28.211,25.783,31.481,24.608,28.497,24.314,30.175,25.967,27.496,24.772,28.914,26.032,30.665,26.033,29.753,25.403,28.711,25.174,29.102,25.577,29.065,24.191,29.445,25.769,28.758,26.293,29.065,24.579,29.074,26.251,30.167,25.824,28.014,25.797,27.982,23.202,28.864,26.327,28.655,24.297,28.955,25.809,28.477,26.411,29.053,25.292,28.549,24.515
"Oct 16, 2014",29.973,23.482,29.24,22.434,28.932,23.207,29.501,23.623,28.331,24.006,28.061,23.809,27.919,21.997,28.523,22.913,28.419,23.582,28.018,22.299,28.171,23.752,27.857,24.144,28.229,22.074,29.298,24.356,28.888,21.638,30.863,21.586,29.122,24.235,27.872,21.397,29.223,22.75,28.986,23.417,28.986,23.417,29.102,23.808,29.146,22.878,28.853,22.675,28.513,23.078,29.141,21.841,28.295,21.966,28.154,24.798,28.323,23.122,29.191,21.822,28.106,24.051,27.996,22.107,29.612,23.009,28.986,22.27,29.135,23.123,31.49,21.288,28.987,23.275,30.163,23.733,28.223,22,29.495,23.778,29.742,24.048,29.174,23.646,28.896,22.651,28.838,24.017,27.991,21.67,28.759,24.227,29.056,23.199,27.943,21.431,27.933,24.175,28.619,23.19,28.82,22.647,27.828,22.727,28.731,24.138,28.699,22.6,28.94,22.96,28.488,25.077,28.655,22.975,28.074,21.158
"Oct 24, 2014",29.589,21.55,28.337,21.942,28.159,22.879,28.454,22.229,27.288,22.74,26.977,22.366,27.558,20.505,28.332,21.375,26.776,22.284,28.332,22.227,26.895,22.135,26.558,22.793,28.462,21.014,29.292,22.019,27.781,21.205,30.681,20.946,28.69,21.837,27.312,20.211,28.846,20.955,28.206,21.51,28.206,21.51,28.713,21.852,29.602,21.545,28.054,21.733,26.943,21.494,29.024,21.268,27.082,21.539,27.983,23.208,27.951,21.512,28.615,21.274,27.021,22.341,27.709,20.369,28.637,20.914,28.643,20.911,29.08,21.399,30.681,20.78,27.877,21.57,28.517,21.933,27.62,21.182,28.104,22.278,29.367,22.125,28.134,21.646,28.23,22.023,28.653,22.756,27.543,20.048,27.05,22.904,28.97,22.243,27.556,19.928,26.253,22.513,26.98,21.744,28.69,21.488,27.015,22.718,27.833,23.016,28.638,21.156,28.848,21.931,27.704,24.136,28.347,21.31,27.478,20.105
"Nov 1, 2014",30.351,21.638,29.199,21.631,28.099,22.253,29.989,22.669,27.463,21.831,27.676,22.093,28.527,20.798,29.209,21.416,27.128,21.726,27.38,22.149,27.144,21.291,26.972,22.634,28.967,21.092,29.697,22.267,28.411,20.67,30.617,20.633,28.81,21.639,28.831,20.22,30.004,21.388,28.979,21.96,28.979,21.96,29.552,22.239,30.377,21.808,28.944,20.705,27.808,20.894,29.6,20.202,27.615,21.733,29.414,23.013,29.007,21.552,29.109,21.053,27.646,21.985,29.126,20.388,30.207,21.953,29.502,21.276,29.846,22.011,30.173,20.86,28.88,22.152,29.479,21.914,28.629,20.904,28.931,21.799,30.348,21.91,29.355,21.837,28.945,21.954,29.788,22.8,28.825,20.223,28.042,22.055,29.403,21.826,28.951,19.965,26.746,21.737,27.107,21.764,29.328,21.667,26.852,22.513,28.176,21.722,29.792,21.819,29.85,21.661,29.077,24.237,29.266,21.309,29.16,19.749
"Nov 9, 2014",28.977,19.301,28.369,17.946,27.621,19.828,28.731,20.109,26.593,20.802,26.873,20.221,27.134,17.355,28.888,19.152,26.124,20.272,27.068,19.676,25.883,19.769,26.757,21.396,28.305,17.613,28.402,20.397,27.619,16.807,29.262,17.104,27.845,19.498,27.431,16.568,29.145,17.488,28.127,19.309,28.127,19.309,27.872,20.561,28.701,18.563,28.384,17.405,26.091,19.102,28.939,16.286,26.084,18.286,28.402,21.101,27.467,18.933,28.41,16.906,26.696,20.773,28.693,18.498,29.504,18.169,29.233,16.356,28.919,18.536,29.459,16.963,27.087,19.743,27.91,19.951,27.926,17.018,28.641,18.358,28.066,20.683,27.887,20.104,28.144,18.127,29.395,20.588,28.363,18.009,26.829,20.624,28.737,18.087,29.026,18.689,26.528,20.293,26.097,19.201,28.92,17.672,26.078,20.061,27.089,20.736,29.19,18.517,28.855,18.556,28.11,22.012,28.682,18.164,28.472,17.419
"Nov 17, 2014",27.55,17.89,26.661,16.462,26.943,17.902,27.33,18.846,25.332,19.52,25.603,18.844,26.773,17.125,26.86,17.966,25.092,19.002,25.436,17.3,25.708,18.042,25.691,19.512,26.983,16.794,27.816,18.655,25.955,15.655,27.225,15.875,27.13,18.335,26.552,16.45,27.488,16.813,26.533,18.293,26.533,18.293,27.458,18.655,26.92,17.607,26.785,16.941,25.235,17.939,27.207,15.941,25.451,16.81,27.064,19.352,26.923,18.213,26.608,16.005,25.699,19.114,27.166,17.55,28.033,17.373,27.278,16.177,27.433,17.352,27.42,15.585,26.783,18.33,27.217,18.369,26.264,16.154,26.781,17.516,27.719,18.973,27.145,18.582,26.362,16.752,27.21,19.261,26.828,17.178,26.355,18.922,26.766,17.068,26.852,17.07,25.778,18.787,25.313,18.21,26.952,17.129,24.862,18.371,25.913,19.583,27.043,17.635,26.604,17.339,26.222,20.682,26.753,17.225,26.491,16.354
"Nov 25, 2014",25.522,16.758,25.511,15.569,25.758,16.522,25.456,16.983,24.424,18.287,24.223,17.41,25.584,16.145,24.851,17.071,23.772,17.711,24.56,15.834,24.8,16.556,24.38,18.224,25.508,15.713,26.173,17.427,24.592,14.863,25.733,14.998,25.507,17.23,26.165,15.283,26.469,15.57,25.293,17.274,25.293,17.274,25.915,17.114,24.542,16.615,26.268,16.126,24.113,16.477,26.503,15.082,23.875,15.306,25.206,18.143,24.91,16.745,25.157,15.131,24.419,17.761,26.095,16.233,26.273,15.979,27.108,15.019,25.481,16.275,25.951,14.808,25.016,16.558,25.407,16.966,25.997,15.022,26.365,16.205,25.654,17.621,25.229,17.421,25.939,15.435,25.465,17.636,25.749,16.091,24.822,17.674,25.908,15.634,25.946,16.188,24.807,17.133,23.809,16.879,26.01,15.681,23.324,16.716,25.306,18.436,24.934,16.574,24.99,16.16,24.503,18.904,25.197,16.408,25.969,15.257
"Dec 3, 2014",26.58,17.137,23.957,15.123,26.016,16.386,26.418,17.148,23.432,17.901,23.817,17.156,25.796,15.902,26.351,16.862,23.365,17.537,24.425,16.259,24.229,16.526,24.557,17.95,26.074,16.187,26.959,17.077,22.897,14.473,24.362,14.897,26.215,17.023,25.367,15.429,26.045,16.115,25.92,17.21,25.92,17.21,26.865,17.122,25.571,16.552,24.774,15.627,23.29,16.275,24.979,15.126,24.52,15.597,26.222,17.505,25.707,16.535,24.326,15.238,24.569,17.346,26.211,15.801,25.905,16.442,25.566,15.487,26.242,16.845,24.776,14.982,26.323,16.764,26.303,16.992,24.233,14.669,24.628,16.223,26.185,17.34,25.972,17.22,24.98,15.498,26.456,17.368,25.799,15.311,24.75,17.323,25.338,15.771,25.771,15.841,24.473,17.112,23.495,16.559,25.573,16.067,23.795,17.106,23.826,18.074,25.984,16.833,25.352,16.505,25.171,18.632,25.991,16.686,24.891,15.567
"Dec 11, 2014",24.079,14.76,24.289,14.384,26.952,15.945,24.925,16.055,21.758,16.952,22.804,15.523,25.646,12.99,25.058,14.92,21.921,16.461,25.552,16.002,23.831,15.392,23.859,16.529,25.563,13.804,24.463,15.078,23.858,13.014,23.612,13.953,25.343,15.349,25.705,12.96,23.155,14.389,22.597,15.104,22.597,15.104,24.894,15.794,25.73,13.884,22.57,15.142,22.365,14.666,22.986,14.246,25.102,15.129,23.425,15.564,24.605,13.468,23.947,14.163,23.337,16.132,23.803,12.562,23.627,14.619,23.311,14.054,21.124,14.22,24.27,13.299,24.838,15.978,23.763,14.917,24.668,13.779,22.639,15.163,24.343,15.517,24.147,15.332,24.664,14.284,24.768,15.666,22.021,12.877,25.14,16.089,23.848,13.935,22.077,13.096,24.24,15.766,22.347,15.345,22.546,14.449,24.285,16.336,21.925,17.08,26.761,14.079,24.297,13.739,23.559,17.111,24.139,13.832,22.56,13.281
"Dec 19, 2014",23.55,13.73,22.429,12.248,25.889,15.495,25.332,14.851,21.6,15.481,22.051,15.19,23.14,12.756,23.564,13.893,21.453,15.138,24.502,15.207,23.254,14.371,23.006,16.146,23.57,12.647,24.624,14.65,22.081,11.168,23.297,11.788,24.196,14.978,23.376,12.227,24.061,13.122,22.969,14.207,22.969,14.207,25.056,14.97,23.172,12.961,23.464,13.35,22.081,13.971,24.466,12.078,23.839,14.521,23.541,15.212,22.802,13.128,23.332,12.057,22.989,15.731,23.666,12.4,23.081,13.773,25.016,12.555,22.926,12.751,23.342,11.921,24.744,14.445,23.501,14.159,22.889,12.154,23.343,13.797,24.009,14.89,23.466,14.545,23.357,12.359,24.583,14.931,22.986,12.372,24.145,15.86,23.677,12.571,23.403,12.642,23.281,15.033,22.257,14.447,23.962,12.932,23.112,16.045,21.911,15.565,23.872,13.061,23.214,12.964,23.887,16.407,23.201,12.959,23.181,12.1
"Dec 27, 2014",22.51,13.278,20.441,11.958,22.754,14.807,23.876,14.547,20.314,13.978,20.456,13.412,22.58,12.539,22.254,13.108,19.889,13.293,21.951,16.291,21.588,12.956,21.677,14.723,18.46,11.724,17.074,12.856,20.946,11.275,20.009,11.744,16.604,12.957,22.78,12.163,21.82,12.813,,12.358,,12.358,21.734,13.968,18.337,12.173,21.095,12.494,20.262,11.884,21.612,11.556,21.901,13.79,16.233,13.756,22.567,13.016,20.789,11.635,20.226,14.385,23.7,12.515,21.505,11.928,22.425,12.329,,11.785,20.656,11.768,21.012,14.329,17.705,12.711,20.099,11.741,21.542,12.483,18.745,12.723,14.174,12.628,20.977,11.693,23.117,14.491,23.047,12.442,22.419,14.139,20.811,11.967,23.709,12.384,22.321,13.471,20.582,12.368,21.393,12.991,21.339,16.015,20.632,14.544,19.745,13.057,17.138,12.065,22.578,15.834,15.144,10.959,23.322,12.256
"Jan 1, 2015",23.408,14.11,22.242,13.435,25.047,15.182,23.594,15.831,21.757,15.957,22.647,15.529,21.235,13.835,23.488,14.976,21.76,15.799,23.775,15.778,23.339,15.638,23.047,16.04,22.509,13.497,24.751,15.203,21.173,12.471,21.531,13.371,25.06,15.202,22.133,13.07,22.507,13.575,23.202,14.341,23.202,14.341,24.372,15.418,22.548,13.818,22.776,14.706,22.966,15.306,22.898,13.167,23.251,14.132,23.181,15.753,21.254,14.474,21.952,13.778,23.363,16.063,22.864,13.989,23.313,14.034,23.017,13.671,22.342,13.272,21.915,13.498,24.347,15.39,22.726,15.05,21.252,12.971,22.708,14.743,23.601,15.458,23.771,14.775,22.1,14.149,22.972,15.661,22.841,13.728,24.285,15.768,22.051,14.502,24.278,13.832,23.52,15.732,22.383,15.474,22.291,13.645,23.063,15.549,22.087,16.453,21.461,14.339,21.815,14.25,22.417,16.062,22.853,14.453,22.269,13.393
"Jan 9, 2015",24.088,13.485,21.724,12.691,24.682,14.372,24.786,15.105,20.538,15.65,21.265,15.072,22.63,12.682,24.092,14.735,20.75,15.293,24.156,14.283,23.102,14.42,22.094,15.661,23.304,12.449,25.515,15.252,21.266,11.964,21.428,12.445,24.371,14.433,22.4,12.291,21.989,12.661,24.211,14.093,24.211,14.093,24.796,15.27,22.942,12.873,21.196,14.434,21.94,14.5,21.999,12.754,23.153,13.448,23.102,15.376,21.815,13.196,22.348,12.47,21.898,15.321,22.3,12.84,21.91,13.437,22.193,12.873,22.827,12.468,21.644,12.055,24.584,15.023,22.286,13.492,22.788,12.495,21.577,13.906,24.321,14.312,24.935,14.031,22.437,13.052,23.635,15.331,22.088,12.842,23.117,15.033,22.301,12.712,23.208,12.495,23.32,14.734,21.614,14.791,21.707,12.61,21.97,14.751,20.617,15.802,22.952,14.119,23.054,12.605,22.963,16.097,23.5,13.121,21.566,12.484
"Jan 17, 2015",23.708,13.92,21.716,11.793,24.588,14.758,25.172,15.187,20.91,15.275,22.308,14.64,22.408,12.111,23.234,14.7,20.735,14.775,23.488,14.637,22.908,14.007,22.215,15.303,23.231,11.872,23.524,15.071,22.069,11.252,21.539,12.233,24.085,14.799,23.163,11.273,23.44,12.713,23.378,14.513,23.378,14.513,23.912,15.259,23.073,12.549,22.462,14.6,22.484,14.026,22.223,13,23.809,14.222,22.615,15.741,21.756,12.656,22.099,11.962,22.532,14.656,22.248,12.206,23.382,13.515,22.984,13.221,22.832,12.571,21.864,11.46,24.301,14.802,22.917,13.52,22.581,12.102,23.187,14.015,23.927,14.622,22.963,14.833,22.315,12.397,23.112,15.941,22.294,11.62,23.332,14.827,23.189,12.162,23.192,11.027,22.964,14.463,22.011,14.297,23.029,12.82,22.884,15.376,21.218,15.723,22.828,13.925,23.144,12.248,23.071,15.952,23.417,13.089,21.382,10.381
"Jan 25, 2015",23.852,14.421,22.745,13.28,26.022,15.67,25.264,13.977,22.514,16.103,23.039,15.39,22.406,13.2,23.447,15.515,22.263,15.673,25.001,15.21,24.91,14.857,23.655,16.069,23.259,13.419,24.17,16.099,22.382,13.049,22.777,13.656,24.337,15.874,23.185,12.908,23.579,13.4,23.489,14.6,23.489,14.6,24.485,15.288,22.994,13.902,23.215,15.841,23.673,14.962,23.305,13.909,24.324,14.461,23.39,16.349,22.276,13.694,22.872,12.956,23.778,15.609,21.742,13.047,23.566,14.34,23.589,13.854,23.55,12.843,22.733,13.102,24.724,14.036,23.08,13.672,22.826,13.772,23.537,14.824,24.363,15.054,23.541,15.415,22.889,13.483,23.738,16.398,21.063,13.229,24.376,15.814,23.479,13.157,21.75,12.682,25.001,15.295,23.182,15.142,23.422,13.394,23.425,15.507,22.786,16.708,23.122,15.084,23.187,13.77,23.567,15.603,23.273,13.971,20.136,12.01
"Feb 2, 2015",24.703,15.284,23.571,13.751,26.129,14.713,25.069,13.495,22.87,16.421,22.753,15.422,22.646,14.523,23.223,16.037,22.704,15.808,25.245,14.509,25.109,14.33,23.574,15.692,23.458,14.541,23.802,15.934,23.206,13.386,23.558,14.871,23.718,16.08,24.055,14.311,23.848,13.786,24.387,15.343,24.387,15.343,24.138,14.696,22.888,14.921,23.71,16.786,23.301,14.853,24.327,15.175,24.862,13.906,22.786,15.767,23.033,14.464,24.105,14.092,23.846,15.437,23.308,14.032,24.086,14.788,24.083,14.651,24.027,13.685,23.517,13.999,24.914,13.518,23.285,13.998,23.403,14.716,24.139,15.479,24.687,15.576,23.774,15.853,23.494,14.361,22.947,16.116,23.178,14.674,24.508,14.917,24.515,14.374,24.957,13.332,24.917,14.932,23.579,15.177,23.675,14.154,23.82,14.864,23.291,17.231,22.469,15.879,23.848,15.026,23.168,14.755,23.747,15.229,23.281,12.846
"Feb 10, 2015",25.524,15.858,23.635,15.664,27.107,15.9,26.029,13.919,23.681,17.966,24.716,17.114,23.711,15.528,24.275,16.147,23.632,17.544,26.333,15.167,26.449,17.252,24.84,17.722,23.499,15.719,25.122,16.333,23.22,15.551,24.584,15.799,25.34,16.826,23.951,15.631,24.963,15.237,24.879,15.458,24.879,15.458,25.429,15.21,23.974,15.527,24.732,17.935,25.28,17.14,24.843,16.428,25.981,14.233,23.875,16.072,23.962,15.313,24.708,15.675,25.358,16.933,23.493,14.73,25.234,16.137,24.925,16.087,25.297,15.329,24.357,15.691,26.362,13.997,24.475,14.67,23.133,16.173,24.777,16.488,25.541,16.202,24.918,16.016,23.802,15.032,23.82,16.332,23.313,15.463,25.736,16.364,25.035,15.524,24.681,14.245,26.68,17.14,24.702,16.979,25.178,15.699,24.369,15.36,24.028,18.698,23.691,15.932,24.419,15.987,23.671,15.076,24.762,15.803,23.457,14.016
"Feb 18, 2015",27.347,20.799,25.73,20.257,29.442,18.683,26.659,17.608,25.949,21.163,26.225,20.261,24.839,19.446,25.112,20.092,25.589,20.798,29.314,17.862,28.126,19.92,26.254,20.429,25.863,19.853,26.153,19.952,25.742,20.22,26.411,20.901,26.63,20.323,24.642,19.936,27.129,20.119,26.5,20.159,26.5,20.159,26.286,19.268,25.241,19.503,26.565,22.147,27.311,20.306,27.114,21.066,28.91,18.058,24.555,19.632,25.5,18.514,27.594,20.117,25.939,20.127,24.347,18.16,27.29,20.127,27.874,20.85,26.974,20.408,27.004,20.346,27.695,18.113,26.864,19.669,25.272,20.553,27.241,21.548,26.941,20.138,26.051,19.823,27.093,19.699,24.423,19.688,24.207,18.958,27.421,19.212,27.781,19.976,25.009,17.589,28.47,19.762,26.58,20.253,27.471,20.121,27.292,18.406,26.378,21.678,24.72,19.231,26.766,20.056,24.917,18.517,26.35,20.321,24.946,18.206
"Feb 26, 2015",28.342,20.26,28.369,19.182,30.442,21.064,29.027,19.615,27.702,21.325,28.516,20.576,26.509,18.859,25.226,20.197,27.622,20.638,30.643,19.945,30.73,20.217,28.77,21.471,26.064,20.621,27.486,20.768,28.103,17.939,28.19,20.009,28.121,21.115,26.243,19.494,29.553,19.62,27.813,19.579,27.813,19.579,28.188,20.399,25.142,19.975,28.415,21.202,29.664,20.314,28.978,20.433,29.687,20,25.138,19.913,26.886,19.395,29.017,19.704,28.563,20.921,26.855,17.972,29.3,20.235,30.259,19.894,28.471,20.066,28.828,19.625,30.249,20.036,27.989,19.937,26.467,19.596,29.142,20.324,28.894,20.425,27.496,20.21,27.93,19.52,23.869,19.831,26.216,18.253,29.764,20.564,29.105,19.818,27.094,16.961,30.863,20.665,28.799,20.089,29.677,19.79,28.823,20.548,27.94,21.758,24.403,19.919,27.645,20.456,24.976,19.647,26.749,20.215,26.452,17.399
"Mar 6, 2015",29.778,17.152,29.14,17.525,31.989,17.258,30.71,16.654,27.859,19.684,28.105,18.556,26.866,18.088,26.993,17.411,27.484,18.94,32.931,17.526,30.165,17.943,28.184,19.362,26.576,18.691,27.778,17.09,28.674,16.625,29.447,16.683,28.026,17.664,26.021,18.202,31.166,16.464,29.085,16.743,29.085,16.743,28.997,16.539,27.169,17.577,28.427,18.178,29.298,17.963,30.623,16.988,31.791,16.123,26.498,16.528,27.513,17.971,30.683,16.602,27.49,18.587,27.11,17.684,29.809,17.003,31.902,16.847,29.511,17.153,30.967,16.481,31.161,16.445,29.048,16.56,26.166,17.602,29.668,17.47,29.133,18.001,27.834,17.138,29.24,16.602,26.225,17.159,25.947,18.081,29.296,17.327,30.583,16.887,28.085,17.486,30.149,18.253,28.523,18.208,31.608,16.848,30.853,17.593,27.949,20.303,26.278,17.4,28.058,17.728,26.99,17.007,27.96,17.139,26.956,17.123
"Mar 14, 2015",31.655,19.58,31.539,19.896,33.155,20.951,31.921,18.733,28.794,22.127,29.703,20.675,28.623,19.228,28.278,19.415,28.672,21.523,34.215,21.132,32.117,21.421,29.425,22.078,27.774,20.313,29.226,20.1,31.501,19.061,30.862,19.616,29.682,20.489,27.736,19.338,34.02,19.305,30.878,19.348,30.878,19.348,30.035,19.723,28.339,18.933,29.816,20.767,30.787,20.994,32.146,19.873,32.957,19.781,27.424,19.719,29.622,18.913,32.962,19.409,28.762,20.635,29.25,18.715,32.872,19.48,33.884,19.811,31.402,19.412,33.233,19.247,32.155,19.096,31.704,19.397,28.306,19.669,31.727,20.096,31.025,20.233,29.134,19.862,31.411,19.075,27.348,19.448,28.156,18.994,30.745,20.552,32.497,19.291,30.807,18.525,32.049,21.641,29.745,20.863,33.926,19.465,31.873,21.058,28.839,22.725,27.003,18.928,29.264,19.424,28.213,19.062,29.376,19.103,30.019,18.63
"Mar 22, 2015",32.529,21.581,32.557,22.665,33.508,21.64,33.477,20.026,29.533,23.221,30.216,22.206,29.228,21.26,28.738,20.95,29.037,22.858,34.118,21,33.435,22.597,29.874,22.93,28.971,21.969,30.299,21.047,32.077,22.348,32.07,22.259,30.208,21.715,28.403,21.582,34.792,21.827,31.527,21.175,31.527,21.175,30.703,20.423,29.359,20.846,30.985,22.411,31.247,22.19,32.822,22.334,33.22,20.913,28.294,20.463,30.699,20.413,34.075,22.45,29.224,22.35,30.01,20.512,33.339,21.809,34.056,22.067,32.217,21.451,33.867,22.619,33.442,20.526,32.382,21.2,29.72,22.046,32.542,22.34,31.281,21.903,30.008,21.179,33.247,22.056,27.286,20.58,28.864,20.89,31.638,21.733,34.226,21.975,30.094,20.549,33.159,22.347,30.063,22.328,35.047,22.271,31.898,21.406,29.487,23.594,28.086,20.721,30.673,21.601,28.773,20.203,29.963,21.155,30.709,20.795
"Mar 30, 2015",30.818,20.978,30.079,22.361,29.092,21.278,26.443,18.392,29.813,23.63,28.783,22.625,27.604,19.587,24.66,19.694,29.285,22.726,30.634,20.218,30.65,23.199,28.683,23.565,27.171,20.272,29.186,19.656,29.422,21.955,31.856,22.828,29.139,20.391,27.493,19.763,32.145,21.677,28.573,19.867,28.573,19.867,25.792,19.604,25.968,19.364,31.051,23.587,30.724,23.111,31.812,22.203,29.081,19.68,24.999,19.545,26.563,18.86,32.234,22.304,28.001,21.855,26.454,18.948,30.897,21.618,31.959,22.891,28.985,21.264,32.901,22.858,26.123,19.663,31.349,20.468,28.614,20.896,31.341,22.637,30.515,20.441,29.603,19.707,30.94,21.495,23.287,18.665,27.147,19.307,28.127,22.035,31.284,21.71,27.701,19.723,30.289,23.485,29.846,22.693,31.449,22.05,28.273,19.905,29.886,23.973,22.429,18.983,27.934,20.665,25.036,18.274,27.321,20.178,29.354,20.509
"Apr 7, 2015",29.285,24.422,30.269,21.889,30.754,23.224,29.394,23.012,28.6,24.387,28.047,24.154,29.047,20.694,28.547,22.798,28.852,24.217,32.001,22.099,31.45,24.342,28.474,24.316,30.101,21.697,27.542,23.557,30.593,21.341,32.414,23.015,28.572,24.37,28.436,21.034,30.196,24.219,29.296,23.711,29.296,23.711,29.197,22.934,30.372,21.249,28.814,23.927,28.949,24.487,30.779,23.339,30.239,22.521,27.859,22.673,28.727,20.916,32.772,22.812,27.576,23.77,28.19,20.914,29.27,23.664,30.556,24.011,28.717,23.4,33.197,22.762,29.706,22.994,28.938,24.357,29.461,21.566,29.324,24.186,29.227,24.505,28.289,23.497,31.81,22.224,27.88,22.444,27.325,21.286,29.533,23.38,31.52,22.051,29.028,20.999,29.888,24.389,29.649,24.353,31.145,23.323,30.195,22.683,28.674,24.712,27.886,21.417,29.749,21.642,27.68,22.041,29.704,21.955,30.824,21.17
"Apr 15, 2015",33.966,23.083,27.121,22.907,28.857,23.251,26.762,17.342,28.01,25.014,28.844,23.034,30.864,20.407,25.699,18.302,28.922,23.827,27.422,22.301,31.458,24.195,28.182,23.798,30.31,21.683,30.738,20.558,28.785,22.704,30.453,24.109,29.685,22.549,29.119,20.69,31.917,23.674,32.646,21.973,32.646,21.973,30.185,19.972,29.956,19.257,30.203,24.959,29.505,23.553,30.825,24.38,29.859,21.75,25.681,19.509,31.001,20.303,30.332,23.607,28.552,23.308,27.989,21.336,31.643,23.245,31.157,24.243,29.816,23.35,30.209,24.039,31.651,20.702,33.459,22.813,28.026,22.553,30.595,23.856,33.194,22.274,31.661,21.413,27.846,23.033,29.08,17.962,25.8,20.992,32.151,23.406,29.162,22.26,30.193,21.696,29.873,24.01,29.622,23.524,30.233,24.044,25.841,21.964,28.217,25.855,26.865,17.529,26.044,20.965,28.747,17.993,26.936,20.896,26.185,21.453
"Apr 23, 2015",30.428,22.296,26.96,21.219,30.314,21.661,28.546,18.233,27.788,22.712,26.893,23.025,24.891,20.346,26.366,20.402,26.777,22.218,29.966,20.026,27.047,22.4,26.92,22.836,26.369,21.346,26.059,20.544,26.887,21.4,31.225,22.235,29.609,22.02,26.016,20.58,29.505,21.814,29.813,20.9,29.813,20.9,27.209,21.595,26.709,20.742,28.763,21.126,28.422,22.76,29.732,21.402,28.448,20.263,25.485,19.9,25.803,20.195,30.776,22.827,27.975,22.724,25.972,20.131,28.377,21.979,29.671,21.996,28.442,21.15,32.335,23.341,28.087,20.445,29.135,22.288,26.488,21.472,28.886,21.44,29.915,22.72,25.313,19.836,28.939,21.352,26.339,21.535,26.002,19.965,29.712,21.779,30.259,21.48,26.073,20.368,28.626,23.066,27.413,22.493,29.392,22.105,27.556,20.848,27.825,22.87,26.293,21.312,27.697,20.636,27.116,21.659,28.734,20.714,26.543,20.456
"May 1, 2015",31.035,23.48,30.747,25.47,29.308,23.743,27.013,24.092,29.733,24.21,28.751,24.189,28.522,23.963,30.187,23.445,29.589,24.04,28.785,22.41,30.086,23.449,28.56,23.431,29.263,23.62,29.101,24.716,32.083,24.142,31.831,24.158,29.209,24.143,28.792,24.271,29.261,22.943,30.951,23.022,30.951,23.022,28.268,24.231,29.454,23.712,30.33,23.773,29.028,24.227,30.678,22.93,27.498,22.947,28.414,23.819,28.599,23.588,31.82,24.506,29.153,23.223,28.356,23.962,29.753,24.749,30.191,22.657,29.332,23.08,32.599,23.589,27.035,24.355,29.828,23.84,30.109,24.141,29.142,23.665,31.234,23.737,29.395,23.195,30.465,24.859,27.454,23.36,28.204,24.297,30.881,23.614,31.05,24.872,28.507,24.055,29.768,23.599,29.384,23.768,29.219,23.174,27.531,23.018,30.179,24.242,28.841,23.617,29.78,22.929,26.93,23.686,29.761,22.996,29.622,24.795
"May 9, 2015",29.099,23.408,30.851,23.516,31.174,22.595,26.89,22.197,28.625,22.649,29.921,23.4,28.559,23.652,29.343,21.49,28.031,23.141,31.316,21.684,31.727,22.448,29.524,23.339,30.721,21.36,30.419,23.417,30.927,22.629,30.566,24.436,31.675,23.584,29.443,23.954,29.433,22.239,29.745,22.552,29.745,22.552,27.09,21.468,30.465,20.396,31.259,24.626,28.991,22.466,30.062,22.962,28.93,21.44,27.657,22.601,29.768,24.065,30.132,22.194,27.942,22.892,30.928,23.443,31.08,22.662,29.3,22.853,28.258,20.42,30.749,24.759,26.844,21.891,29.039,23.176,30.823,22.167,31.097,24.036,29.961,23.88,31.072,23.406,31.488,21.229,27.524,21.303,31.301,22.24,32.483,23.199,30.691,21.893,29.917,21.567,30,22.81,29.467,22.629,28.655,20.78,29.356,22.31,30.333,24.34,30.078,19,29.861,21.108,25.376,21.258,29.16,20.375,29.726,24.484
"May 17, 2015",30.067,24.55,30.979,26.068,30.141,23.882,31.625,25.908,29.763,25.215,28.549,25.187,27.667,24.861,29.017,24.858,29.696,24.972,29.682,21.642,32.918,25.043,29.403,25.419,29.687,24.819,28.514,25.539,32.043,25.863,32.357,25.22,29.787,24.916,29.02,25.365,28.698,24.705,29.166,24.721,29.166,24.721,28.002,25.538,27.55,24.009,31.253,25.189,29.564,25.45,31.543,25.036,27.386,23.161,28.039,25.982,26.183,23.5,30.962,24.825,30.301,26.132,28.021,24.154,28.086,24.76,30.951,24.693,29.144,23.965,32.381,25.111,29.465,25.505,28.239,24.341,31.768,25.724,31.612,24.726,27.783,23.925,28.623,24.621,30.567,25.41,28.675,25.463,28.631,24.941,30.847,24.769,30.448,24.268,29.221,25.288,30.164,25.502,28.369,25.328,29.799,24.314,28.776,22.337,31.019,24.605,27.12,23.898,29.888,24.513,29.477,26.638,29.203,23.99,29.207,24.714
"May 25, 2015",26.281,24.262,26.547,24.731,28.382,22.863,25.841,22.572,29.45,23.98,26.957,23.256,28.841,24.499,25.477,24.017,28.661,23.565,29.393,21.381,29.337,23.36,28.041,23.2,26.822,24.222,26.331,22.814,27.565,25.506,29.604,24.417,26.824,22.919,26.855,23.945,27.425,23.676,25.649,24.867,25.649,24.867,26.339,22.556,25.897,23.01,28.038,24.075,27.073,23.493,28.14,24.116,27.169,21.054,24.827,22.702,27.72,23.816,26.963,25.071,28.833,23.1,27.885,21.822,26.128,23.09,28.133,24.402,26.22,24.542,29.582,24.066,26.007,21.67,25.705,23.595,26.933,24.242,27.309,24.106,25.424,23.909,25.327,23.964,25.883,24.431,22.286,22.489,27.979,23.781,29.317,22.977,26.647,24.562,27.59,22.941,28.105,23.219,27.722,23.543,27.315,24.225,27.536,21.948,28.618,24.199,24.768,24.57,26.769,23.945,24.174,23.289,27.793,24.356,27.398,23.182
"Jun 2, 2015",33.938,25.707,33.119,26.008,28.95,24.329,28.071,23.543,31.492,25.225,27.971,25.117,31.673,25.079,32.841,25.409,30.074,25.007,27.477,22.566,30.312,25.352,27.646,25.637,32.372,25.478,32.444,25.354,34.292,25.634,35.375,25.768,32.971,24.976,32.435,25.651,32.084,25.071,33.339,25.861,33.339,25.861,31.041,24.812,31.742,24.847,36.154,25.378,28.704,25.383,35.393,25.464,28.741,23.069,30.534,25.94,29.898,24.392,33.206,25.734,27.721,25.15,31.16,24.312,30.391,25.058,33.703,25.116,33.317,24.175,34.786,26.048,27.685,24.164,31.228,25.745,33.309,25.468,34.981,24.789,32.82,25.436,32.873,25.828,34.439,26.107,26.312,25.519,31.99,24.692,30.821,25.084,35.204,25.748,31.035,24.637,28.939,25.229,28.852,25.271,33.255,25.22,28.32,22.931,31.77,25.763,32.029,24.909,33.475,25.13,22.636,25.592,33.478,25.034,32.296,24.617
"Jun 10, 2015",25.31,,27.482,,30.304,,,,30.486,,27.196,,24.94,24.336,,,30.949,,30.015,,,25.002,26.241,,25.451,,25.466,,26.689,,,,27.329,,28.074,24.575,26.904,,27.662,,27.662,,26.259,,24.187,,29.579,,,,26.535,,,,24.503,,20.401,24.289,,,26.474,,27.132,24.391,28.513,,27.429,,25.618,,,,,,16.26,,28.178,,26.516,,,,,,27.281,,23.703,,27.502,24.46,26.963,,26.766,,28.215,24.221,,25.598,,,25.807,,28.606,,28.481,,,,23.78,,17.789,,24.201,,28.766,24.695
"Jun 18, 2015",29.97,,27.958,25.932,29.975,,28.211,26.335,30.14,,26.303,,29.5,,28.131,26.403,27.515,,28.656,,,,24.19,,27.411,,27.598,,31.506,25.826,27.614,,31.178,,25.386,26.048,28.593,,,,,,29.89,26.246,26.407,26.544,28.697,,28.157,,29.314,,29.392,,22.596,26.141,25.583,,29.92,25.212,23.082,,28.816,26.122,27.654,,29.547,,28.355,,30.152,24.91,28.822,26.801,26.555,,21.937,26.029,26.985,,,,28.014,,30.901,25.213,24.999,26.356,29.888,26.267,25.801,,29.082,,28.904,25.806,21.676,,27.754,,28.36,,28.76,,28.296,,28.694,26.546,26.55,,26.754,26.142,28.795,26.702,,25.844
"Jun 26, 2015",26.43,24.67,19.824,25.295,29.426,,27.013,,28.337,25.632,28.329,23.711,28.621,25.152,28.835,25.193,27.475,25.442,28.383,19.535,,25.373,26.952,,29.259,25.652,26.286,25.091,9.248,25.547,28.998,24.768,26.947,25.339,29.288,25.245,24.683,,28.048,25.133,28.048,25.133,25.749,25.058,28.352,25.407,27.897,25.577,28.926,,28.097,24.531,28.734,,25.448,25.333,26.841,25.467,27.118,24.751,28.102,21.63,25.713,24.858,27.648,25.588,28.245,24.284,22.409,24.609,28.29,24.611,,,27.001,25.393,28.58,25.624,28.269,25.417,27.649,,26.714,24.981,28.607,25.421,26.243,25.877,,24.897,27.88,25.309,25.898,24.756,,24.816,,25.429,28.488,25.238,22.152,24.482,26.848,19.786,12.917,25.46,28.919,25.51,25.999,25.531,24.125,25.995,27.368,24.888,,25.183
"Jul 4, 2015",23.15,25.05,28.225,25.452,26.672,25.083,30.112,25.975,25.699,25.094,22.917,25.904,27.924,26.312,,26.079,25.193,25.642,27.003,,26.461,26.505,21.762,25.636,25.598,26.229,24.778,25.924,29.315,25.204,27.751,25.235,,25.622,,26.168,26.529,,,25.51,,25.51,25.721,,25.29,25.584,27.907,25.606,,26.017,27.412,25.571,26.872,25.17,24.959,26.056,24.131,26.286,26.735,24.529,,25.439,27.966,26.407,26.517,,26.501,25.556,25.358,25.706,28.153,,28.555,,,,27.189,26.119,25.898,25.769,,,26.187,25.867,27.584,25.645,18.684,26.507,,26.332,,25.307,26.64,25.975,,25.579,,25.865,26.111,25.628,26.99,25.339,26.907,,27.075,25.92,,25.73,25.028,25.546,25.214,26.451,26.064,25.453,,25.349
"Jul 12, 2015",,,30.572,,27.495,,,25.686,29.047,,29.047,,32.3,24.645,,,28.443,,27.221,,29.357,,28.566,,27.156,,26.576,,31.739,24.945,30.627,,27.651,,33.126,25.072,28.945,,,,,,26.459,,26.174,26.465,,,29.338,,,,26.675,,24.947,,28.857,24.81,28.329,,28.19,,30.848,24.977,,,26.651,,,,31.556,,26.855,,28.76,,32.611,25.146,,,29.178,,25.863,,,,24.78,,29.907,25.03,26.845,,,,29.442,24.871,29.487,,27.724,,29.009,,27.297,,29.8,,29.305,,12.47,26.538,24.654,,,26.583,33.357,25.232
"Jul 20, 2015",,24.49,29.253,26.123,,,27.91,26.164,,,,,30.383,26.923,31.328,25.514,,,,,,,,,29.75,26.114,,,28.197,25.961,25.669,,,,30.866,27.243,,,26.58,24.277,26.58,24.277,,25.447,30.287,25.727,24.229,,,,23.657,,,,27.202,25.603,29.743,26.907,28.122,24.459,,,30.763,27.384,,,,,,24.804,27.307,,,25.18,,,28.674,26.478,,,,,26.29,,29.197,26.137,29.369,25.281,31.877,27.174,,,28.293,25.142,32.44,27.662,,,,,,,26.507,,,,31.107,25.965,28.96,25.543,28.359,25.384,29.958,25.172,32.834,27.022
"Jul 28, 2015",,,29.191,,25.962,,31.35,26.836,25.2,24.307,27.362,,33.004,26.741,34.987,26.811,26.14,24.651,25.354,,,,26.626,,34.563,,25.67,,30.084,,,,25.362,26.171,34.686,27.379,,,30.727,,30.727,,28.561,26.783,33.983,,25.682,,,,,,28.52,,24.792,27.843,30.373,26.819,23.342,,27.13,,32.951,26.788,,,25.932,,,,,,28.736,26.388,,,15.317,,26.094,,25.245,,,,,,33.657,27.453,34.552,27.446,26.886,25.684,8.879,,35.934,27.691,26.713,,25.71,25.132,-2.505,,27.05,25.771,25.153,24.565,35.28,,31.717,,29.796,27.262,32.045,,36.225,27.23
"Aug 5, 2015",28.49,,29.358,,25.534,25.624,29.219,25.586,29.942,25.214,29.609,25.948,29.612,26.025,31.696,26.211,29.27,25.038,25.925,22.467,28.952,25.942,25.883,26.186,28.411,26.168,28.899,25.993,28.705,,29.959,25.885,28.9,26.172,18.988,26.05,29.926,26.214,31.437,,31.437,,29.997,26.057,30.048,25.905,30.937,25.83,29.97,26.049,28.613,25.889,26.792,24.854,26.823,,28.338,26.093,28.455,,25.875,26.638,29.884,25.87,31.058,25.627,30.833,26.076,27.771,,30.982,,29.062,26.338,,26.457,28.837,26.546,30.826,25.852,,,31.972,,28.02,27.075,28.093,26.417,31.403,25.965,25.23,26.702,28.954,,31.8,25.709,29.813,26.37,29.756,26.239,27.564,,26.014,22.445,29.194,25.58,30.932,25.878,28.232,26.147,28.408,26.299,27.671,25.69,,26.868
"Aug 13, 2015",,,24.638,,26.227,,,,23.76,,,,,,,,25.789,,,,23.632,,,,27.72,,,,24.625,,26.077,,,,,,,,,,,,31.798,,,,,,,,25.239,,23.87,,26.632,,,,,,,,,,,,,,,,,,,,,,,,28.77,,,,,,,,26.658,,,,,,,,2.205,,26.927,,27.012,,,,25.602,,24.519,,,,27.739,,25.922,,,,9.89,
"Aug 21, 2015",,,29.15,,26.766,,22.38,,26.667,25.879,27.401,25.093,26.815,,28.733,,23.727,25.749,27.228,23.934,,24.897,20.308,25.002,26.885,,22.501,,28.032,,28.756,25.749,26.573,,27.411,,17.864,25.43,,,,,25.561,,26.867,,24.668,26.382,22.58,24.972,26.82,26.059,25.191,,22.612,,25.833,,24.057,25.782,20.053,,26.341,,27.184,25.376,22.499,25.41,20.094,,,25.754,,,25.263,24.305,29.369,,24.97,25.916,25.269,,,,28.582,,29.004,,23.581,,22.304,,23.255,,25.103,,22.07,25.115,23.019,24.835,17.817,25.978,26.612,,28.072,26.334,28.397,,25.882,,22.781,,,,28.583,
"Aug 29, 2015",,,28.729,23.333,28.45,,,,,22.725,27.922,,4.778,,-13.759,22.804,27.074,25.44,28.994,,,25.981,17.48,24.929,28.072,,,,28.713,25.581,,,,,19.585,,,,,,,,,,,,28.388,,27.85,,28.616,,,,21.948,22.561,,,31.193,,21.939,,-2.25,19.132,27.227,,,,,,31.3,,,,,,28.408,24.063,,,,,,,27.832,,20.865,22.95,,20.119,,,,,25.969,,,25.744,28.344,,,,28.524,,,23.237,,20.25,,,,,,,-10.15,
"Sep 6, 2015",30.32,27.022,30.894,26.718,31.141,25.73,28.155,26.187,30.175,26.751,28.732,26.358,29.431,24.984,29.276,26.124,29.273,26.409,30.334,,29.411,,27.671,,29.098,26.159,29.698,27.119,30.625,25.952,32.056,25.919,31.354,26.848,29.483,25.501,30.185,27.091,30.684,25.944,30.684,25.944,29.105,27.099,28.594,27.535,31.813,26.896,29.967,,31.756,26.072,30.26,23.159,26.278,26.51,27.292,24.324,31.494,26.328,28.186,26.034,28.047,24.499,29.546,26.892,31.656,25.927,28.635,27.409,32.718,,29.412,26.206,29.166,26.84,30.139,26.042,31.16,27.09,30.91,27.076,30.267,26.964,30.766,26.378,28.21,26.668,28.889,25.084,29.133,27.469,30.763,26.299,29.707,25.024,28.203,,29.668,,30.799,26.097,29.633,22.722,30.752,26.507,29.236,26.987,28.788,26.572,27.774,27.35,28.197,26.563,29.623,24.513
"Sep 14, 2015",30.588,26.25,29.708,24.515,26.221,24.83,31.725,26.46,29.094,24.979,27.933,25.599,29.339,,30.368,25.75,28.027,24.756,26.819,22.032,24.385,25.341,26.599,25.697,30.107,24.834,29.45,26.359,29.097,24.614,30.775,24.77,29.659,25.945,28.871,24.145,30.202,25.646,29.527,25.581,29.527,25.581,29.892,25.943,30.828,25.172,29.301,24.947,26.796,24.894,30.116,24.857,27.534,21.748,28.756,25.713,29.59,26.264,30.762,25.181,26.77,25.573,29.096,,30.915,25.817,29.638,25.08,29.69,26.247,30.758,24.555,29.84,25.276,29.679,26.21,29.286,24.658,30.526,25.454,30.387,26.304,29.445,26.038,30.421,25.293,31.286,26.606,28.684,,26.312,25.484,30.176,26.205,29.063,,28.6,25.356,26.878,24.861,29.907,25.337,26.858,19.319,27.822,24.84,31.393,25.307,30.66,25.925,30.369,27.381,30.602,25.81,28.199,
"Sep 22, 2015",29.472,23.982,27.952,24.45,29.432,23.505,28.972,24.399,28.266,25.409,28.495,25.543,27.322,23.32,28.426,24.297,28.722,25.149,28.238,20.119,29.367,26.547,28.502,25.492,27.027,23.179,29.33,24.925,27.822,23.726,29.33,24.053,29.652,24.89,27.255,22.961,28.985,24.148,28.994,23.39,28.994,23.39,29.462,23.922,28.456,24.067,28.104,24.906,28.597,25.614,28.422,24.06,29.072,21.616,28.039,24.907,27.531,24.469,27.846,24.075,28.637,25.326,28.105,24.713,29.631,25.193,28.528,23.945,28.957,23.745,29.165,23.88,28.679,22.932,28.785,24.932,27.258,23.825,28.998,24.712,29.404,24.201,28.918,23.921,28.248,24.048,28.69,25.594,28.237,24.397,29.097,25.979,28.589,24.398,28.582,25.24,28.789,26.367,28.766,25.475,28.502,24.014,27.627,22.092,28.216,25.976,28.603,24.66,28.155,24.189,27.953,25.766,28.279,23.777,27.753,24.238
"Sep 30, 2015",30.277,23.39,30.28,25.363,29.772,,30.487,25.473,28.01,27.283,28.116,26.102,29.483,25.057,28.862,24.905,28.341,26.884,28.862,,28.599,,27.65,,29.513,24.692,30.285,25.553,30.649,24.996,30.794,25.2,30.202,26.508,29.63,24.675,29.285,24.545,30.415,24.343,30.415,24.343,30.423,25.535,29.897,25.295,29.174,25.745,28.623,25.779,29.306,24.825,29.821,22.368,28.883,25.654,29.063,25.49,29.557,24.844,27.897,,29.18,25.226,29.413,26.367,29.367,25.446,29.189,24.734,30.912,24.992,29.825,24.563,29.078,22.646,29.549,25.157,30.043,26.602,29.957,22.459,29.686,23.187,29.872,25.473,28.413,25.523,29.462,24.794,28.894,,29.278,25.428,30.023,24.911,27.733,,28.777,25.782,28.988,25.163,29.075,21.973,27.971,26.256,29.448,25.242,29.414,25.185,28.818,25.957,29.71,25.085,30.527,24.889
"Oct 8, 2015",29.976,23.982,30.733,25.338,28.116,22.632,29.487,23.656,26.679,24.896,27.076,23.998,28.734,23.828,27.819,24.089,27.063,24.414,26.425,21.514,27.148,24.324,26.912,23.917,28.897,24.119,29.088,24.612,30.958,23.999,30.917,23.941,28.387,24.512,28.861,23.698,29.261,24.242,29.304,23.39,29.304,23.39,28.65,24.316,29.521,24.464,28.318,24.963,26.664,23.759,29.267,24.058,26.692,21.045,27.754,24.885,28.714,24.143,29.335,24.44,27.625,23.724,28.43,23.709,28.806,23.774,28.99,24.049,29.81,24.051,31.118,23.606,28.382,23.516,27.656,24.244,29.143,24.575,28.761,25.042,29.06,24.15,29.012,24.04,29.649,25.638,28.107,24.702,28.599,23.527,27.264,23.946,29.936,25.403,28.749,23.474,26.358,24.31,27.24,24.32,29.34,24.343,26.264,21.71,27.248,25.418,29.147,23.832,29.586,25.228,28.377,24.989,29.285,24.199,29.186,23.393
"Oct 16, 2015",29.907,24.643,29.608,23.73,29.151,24.179,29.16,24.272,28.846,25.141,28.373,25.074,29.579,23.136,28.896,23.648,28.315,24.874,28.445,22.63,28.146,25.202,27.818,25.429,29.143,23.307,29.51,24.987,29.666,23.277,30.732,23.872,29.589,24.836,28.942,22.473,29.53,24.435,29.556,24.217,29.556,24.217,29.138,24.414,29.547,23.433,29.67,24.66,28.385,24.838,29.738,23.857,28.264,22.91,28.686,25.365,29.534,23.474,29.374,23.599,27.962,25.103,29.03,22.883,29.438,24.684,29.817,24.27,29.578,24.329,30.771,23.65,28.471,23.824,29.555,24.654,29.024,23.349,29.898,25.45,30.19,24.773,29.128,24.33,29.029,24.099,29.203,24.64,29.161,22.499,28.795,25.162,29.586,24.55,28.732,22.192,27.947,25.326,28.59,24.849,29.782,24.249,27.654,23.186,29.324,25.226,29.188,23.034,29.52,24.065,28.305,25.573,29.447,23.882,28.947,22.275
"Oct 24, 2015",30.353,22.703,29.613,22.265,29.301,23.364,28.783,23.523,28.348,24.371,28.594,23.868,29.135,21.692,28.676,22.272,28.474,23.7,28.293,22.684,28.724,23.372,28.589,24.11,29.011,21.814,29.633,24.317,29.391,21.223,30.508,21.454,30.011,24.321,28.808,21.135,29.745,22.254,29.3,22.451,29.3,22.451,29.163,23.922,29.652,21.921,28.883,23.018,28.668,23.108,29.499,21.56,28.591,22.148,29.056,24.614,28.87,22.245,29.008,21.573,28.69,24.206,28.24,21.474,30.267,22.888,29.548,21.858,30.158,22.17,30.733,21.1,28.368,23.5,29.933,23.378,28.973,21.91,29.398,23.687,30.665,24.021,28.692,23.316,29.285,22.875,28.971,23.809,28.29,21.174,29.07,24.369,29.212,22.792,28.326,21.322,28.539,23.76,28.646,23.122,29.326,22.121,27.812,23.045,28.746,24.656,28.742,21.352,29.563,22.291,28.316,25.101,29.058,21.756,28.327,21.302
"Nov 1, 2015",30.23,22.261,29.187,21.447,28.121,21.354,27.774,21.808,27.651,23.211,27.518,22.491,28.217,20.746,27.726,21.417,27.52,22.84,27.242,20.606,27.185,22.675,26.653,23.011,27.707,21.265,29.101,21.911,28.492,20.625,30.768,21.343,28.821,21.674,28.628,20.209,30.396,21.529,28.748,21.956,28.748,21.956,28.238,22.068,28.348,21.521,29.698,22.139,27.198,22.071,29.53,21.182,27.148,20.291,28.222,22.624,27.141,20.913,29.252,21.209,27.17,22.328,28.458,20.173,30.327,21.617,30.6,21.395,29.969,21.796,30.576,21.093,27.287,21.669,29.56,21.719,28.72,20.968,29.836,22.733,29.658,22.1,28.804,21.851,28.927,21.934,27.508,22.167,28.197,19.935,27.405,22.623,29.181,22.015,27.791,19.539,26.909,22.732,27.394,22.293,29.706,21.611,26.613,20.967,28.31,23.358,27.243,21.3,28.905,21.678,27.178,23.236,28.687,21.686,28.228,19.742
"Nov 9, 2015",29.714,20.17,27.53,19.81,26.791,19.922,27.879,20.411,26.93,22.105,27.281,21.019,28.226,18.402,26.84,19.6,26.87,21.395,25.775,19.994,26.737,20.768,26.69,21.551,27.776,18.911,28.867,20.283,27.719,19.154,29.377,19.615,28.696,20.528,28.712,17.839,29.636,19.534,28.483,19.842,28.483,19.842,28.19,20.116,28.084,19.203,28.718,20.458,26.514,20.099,29.175,19.246,25.995,18.766,28.216,20.829,27.841,18.974,28.214,19.26,27.402,21.027,28.718,18.024,29.927,19.871,29.526,19.235,29.447,19.589,29.01,19.303,27.176,19.752,28.987,20.404,28.101,18.967,29.169,20.761,29.454,20.687,28.42,20.193,27.789,19.916,27.07,20.786,28.465,17.753,27.442,21.314,28.802,19.609,28.274,17.742,26.68,21.142,26.467,20.358,28.679,19.607,25.239,20.163,27.481,22.293,27.383,19.249,28.317,19.367,26.77,22.101,28.085,19.135,29.006,17.656
"Nov 17, 2015",29.781,19.17,28.999,18.529,28.158,19.785,27.653,18.742,26.561,21.015,27.119,20.004,28.173,17.699,28.401,17.927,26.127,20.412,26.787,19.584,27.108,19.525,26.634,20.59,29.085,18.092,29.337,18.924,28.321,18.107,28.872,17.788,28.893,19.278,29.074,17.146,29.957,18.47,28.651,18.754,28.651,18.754,28.445,18.549,28.528,18.305,28.43,19.09,26.825,19.139,29.171,17.744,26.899,18.015,28.297,19.194,27.25,18.35,29.106,17.685,26.812,20.417,28.14,17.273,30.047,18.883,30.214,18.034,29.515,18.57,29.694,17.598,27.395,18.082,29.284,19.431,29.151,18.193,29.066,19.616,30.001,19.689,28.836,18.788,28.758,18.357,28.201,18.759,28.303,16.991,27.365,20.337,29.26,18.303,28.399,17.344,27.196,19.973,26.409,19.47,29.572,18.534,26.028,19.639,27.17,21.296,28.205,18.104,28.559,18.484,26.8,20.773,28.881,18.051,29.224,17.172
"Nov 25, 2015",28.08,17.019,27.802,17.791,26.075,17.555,26.809,17.688,25.432,20.456,25.722,19.268,26.941,16.726,26.929,16.974,25.303,19.763,24.343,16.985,25.82,18.342,25.81,19.845,28.138,16.478,27.99,17.195,27.646,17.41,27.123,16.968,26.931,17.749,28.184,15.934,29.287,16.651,26.999,16.769,26.999,16.769,27.153,17.461,26.658,17.058,27.734,18.484,24.862,18.454,28.424,16.804,24.448,16.102,27.317,17.892,26.34,17.202,27.412,17.128,25.377,19.324,27.463,16.621,28.896,17.384,29.142,16.596,27.857,16.764,27.823,17.493,26.228,17.075,27.936,17.466,28.397,16.694,28.054,18.391,28.046,17.826,27.295,17.202,27.371,16.969,26.44,18.03,27.264,16.402,25.658,19.408,27.538,16.935,27.49,16.61,26.109,19.06,25.223,18.706,28.497,16.804,23.992,17.841,25.859,20.717,26.479,17.115,27.143,16.948,25.746,19.605,27.075,16.513,28.548,16.092
"Dec 3, 2015",25.287,17.516,25.847,17.141,25.37,17.443,24.604,17.376,24.746,19.581,24.483,18.698,25.09,16.459,24.717,16.968,24.344,19.221,23.978,16.752,25.049,18.532,24.808,19.388,25.253,16.612,25.56,17.304,25.765,16.426,25.413,17.291,25.359,17.558,25.338,15.944,26.482,17.447,23.581,17.416,23.581,17.416,24.838,17.297,24.22,16.723,26.442,18.457,24.574,18.216,26.345,17.211,23.965,16.268,24.546,17.711,24.491,16.721,26.289,16.971,24.385,18.93,24.821,16.246,26.391,17.648,26.716,17.303,24.893,17.012,26.258,16.975,24.298,17.151,25.528,17.76,24.684,16.453,26.512,18.691,25.046,17.982,24.506,17.45,26.044,16.957,24.931,17.718,24.861,16.157,24.922,18.751,25.944,17.041,25.168,15.995,25.147,19.03,24.606,18.588,25.928,17.443,23.085,17.372,25.481,20.016,25.21,16.677,24.78,16.67,23.806,18.909,23.44,16.829,26.041,15.667
"Dec 11, 2015",23.199,16.39,21.642,15.532,23.875,17.385,22.462,15.866,22.171,18,22.301,17.628,22.318,13.538,21.892,15.299,21.929,17.2,23.216,16.95,23.23,17.25,23.316,18.253,21.427,13.997,23.066,16.708,21.422,14.717,22.2,15.809,22.858,17.342,22.539,12.819,23.593,16.149,22.074,16.173,22.074,16.173,22.342,16.491,21.199,14.247,23.721,17.438,22.418,16.524,23.67,16.017,21.64,16.261,22.609,16.424,21.872,14.502,22.488,15.605,22.052,18.085,22.328,13.491,23.358,16.759,23.933,16.006,22.054,15.629,22.48,15.833,21.156,16.183,23.01,16.838,21.466,14.118,23.098,16.961,23.369,17.348,22.667,16.453,22.213,14.904,21.938,16.13,22.348,13.161,22.7,17.521,22.121,14.998,22.822,13.48,23.557,17.684,22.493,16.841,22.747,15.998,21.839,17.238,22.857,18.48,21.898,14.492,21.435,14.607,21.833,17.142,21.327,14.544,23.445,12.797
"Dec 19, 2015",22.52,12.701,22.23,11.985,22.821,13.67,22.113,12.664,21.43,15.16,21.516,14.066,21.86,11.299,22.165,12.091,21.006,14.563,21.737,14.016,22.321,13.729,21.612,15.383,22.439,11.614,22.881,11.973,22.32,11.08,21.541,11.886,22.396,13.028,24.034,10.259,22.089,12.462,22.136,12.502,22.136,12.502,22.438,12.197,21.836,11.5,21.819,13.267,21.724,13.059,22.434,12.046,21.302,12.015,21.745,12.78,21.413,11.734,21.691,11.812,21.334,14.559,22.238,11.216,22.102,12.888,22.546,12.195,21.716,12.132,21.529,11.822,21.238,12.052,21.903,12.881,23.183,11.109,22.034,13.392,22.394,13.338,22.13,12.404,22.088,11.926,22.135,12.79,21.785,11.097,21.756,14.391,21.876,12.041,22.512,10.761,21.997,14.494,21.71,13.716,21.598,12.693,20.663,13.874,21.8,15.26,22.356,11.582,21.706,11.719,21.286,14.312,21.987,11.489,23.588,9.935
"Dec 27, 2015",23.034,13.969,21.83,11.498,22.961,14.194,21.872,14.138,20.697,14.721,21.367,14.178,22.794,12.066,23.189,13.522,20.502,14.252,20.771,13.809,21.83,13.39,21.558,15.122,23.01,12.087,22.875,13.906,21.742,10.752,21.219,11.48,22.426,13.962,23.318,10.843,22.227,12.228,22.736,13.964,22.736,13.964,22.107,14.191,22.904,12.388,21.682,13.094,22.027,12.739,22.531,11.801,20.957,13.447,22.182,14.819,22.617,12.68,22.058,11.547,21.162,14.703,23.179,12.215,22.676,13.175,22.751,11.977,22.231,12.395,21.707,11.863,21.594,13.895,22.223,13.475,22.572,11.512,21.972,13.507,22.96,14.234,22.053,14.125,22.666,11.811,23.327,14.448,22.945,11.855,21.976,14.649,22.748,11.809,23.251,11.53,21.812,13.968,21.498,13.315,22.731,12.276,19.865,14.675,20.703,14.811,23.161,12.865,22.775,11.952,21.886,15.476,22.84,12.398,22.66,10.67
"Jan 1, 2016",24.262,14.698,22.197,13.876,23.95,14.941,23.705,15.051,21.999,16.171,23.139,15.298,23.582,13.947,23.732,15.071,22.231,15.555,22.604,14.284,23.949,14.593,22.99,15.903,23.426,14.138,24.405,14.882,22.119,13.175,22.447,13.289,24.468,15.21,23.797,13.183,24.339,13.793,23.8,15.319,23.8,15.319,23.991,15.259,23.344,14.274,23.593,15.028,23.553,14.44,23.583,13.608,22.66,13.89,23.03,15.947,23.11,14.095,23.158,13.263,22.893,15.398,23.54,13.84,23.856,14.29,24.464,13.757,23.645,13.668,21.983,13.251,23.208,14.724,23.298,14.18,22.952,13.703,24.149,14.908,23.801,15.284,23.628,14.996,23.381,14.345,23.634,15.743,23.471,13.717,23.516,15.564,23.785,13.873,23.868,13.44,23.794,15.185,23.149,14.778,23.841,13.932,21.28,14.974,22.065,16.468,23.572,14.706,23.633,14.032,22.516,16.544,23.656,14.247,23.368,13.059
"Jan 9, 2016",22.647,13.912,22.201,13.119,22.674,14.734,21.191,14.203,21.679,15.812,21.294,15.088,21.466,12.48,22.194,14.142,21.364,15.477,20.878,14.23,22.535,15.138,22.118,16.153,22.095,12.858,23.081,14.577,22.462,12.797,21.734,13.268,22.924,15.034,23.071,11.625,22.202,13.128,22.555,14.084,22.555,14.084,21.981,14.39,21.306,12.918,22.362,14.947,22.474,14.398,22.28,13.588,20.872,13.941,21.829,15.099,21.26,12.665,22.353,12.941,21.845,15.417,21.464,12.59,21.209,13.694,22.287,13.345,21.951,12.675,22.228,12.819,20.874,14.069,20.594,13.827,22.436,13.058,22.828,14.319,21.463,14.695,22.475,14.394,22.702,13.66,21.455,14.742,21.753,12.129,22.394,15.608,22.474,13.029,22.869,12.009,22.757,15.229,21.769,14.687,22.038,13.409,19.801,14.672,21.918,16.197,21.346,13.525,22.419,13.047,20.621,15.319,22.308,13.203,22.369,11.549
"Jan 17, 2016",22.09,13.199,20.516,12.435,24.008,13.74,21.677,13.809,19.93,14.963,20.949,14.164,20.638,12.01,21.913,14.115,19.63,14.47,22.702,13.314,22.124,14.083,21.286,15.124,20.625,12.085,22.905,14.324,21.153,12.191,19.634,11.514,22.915,14.11,20.087,11.417,20.644,11.939,22.991,13.844,22.991,13.844,21.682,14.164,21.31,12.524,20.462,13.994,21.236,13.446,20.074,12.104,22.252,12.818,21.338,14.527,20.41,11.993,20.394,11.594,21.494,14.294,19.649,11.678,20.863,13.006,20.347,11.973,20.752,11.744,19.295,11.347,21.409,13.352,21.167,12.757,21.112,12.263,20.577,13.467,23.858,14.011,22.913,14.15,20.413,12.681,20.78,14.784,18.812,11.832,21.997,14.42,20.501,11.82,19.627,12.109,21.855,14.56,20.736,13.684,20.384,11.94,21.413,14.011,20.465,15.145,20.777,13.411,20.615,12.372,20.342,15.042,21.718,12.746,19.189,11.721
"Jan 25, 2016",22.021,14.201,20.183,13.134,23.733,14.716,21.503,13.244,22.124,16.422,21.688,15.634,20.728,13.057,20.995,14.586,21.658,16.341,22.723,13.902,23.085,15.865,22.146,16.118,19.743,13.435,22.33,14.929,20.193,13.166,22.209,13.65,21.565,15.435,20.973,12.347,22.846,13.609,21.228,14.774,21.228,14.774,21.322,14.241,20.626,13.761,22.906,15.412,22.445,15.445,22.685,14.02,21.572,13.345,20.967,14.806,20.595,12.666,21.789,12.664,21.612,15.595,20.266,12.596,22.019,14.575,22.882,13.929,21.689,12.764,22.532,12.868,21.685,13.728,20.898,13.657,19.376,13.864,22.59,15.217,22.044,14.656,21.709,14.999,20.877,13.784,20.62,14.742,20.406,12.351,22.181,15.11,21.734,13.267,21.37,11.124,23.087,15.936,22.182,15.715,22.189,13.57,21.222,14.47,22.734,16.78,21.095,14.152,20.103,13.924,19.933,14.307,20.78,13.974,20.906,10.669
"Feb 2, 2016",25.091,15.361,23.413,14.887,26.248,15.449,25.442,15.26,23.445,18.003,24.283,16.601,23.495,14.599,23.751,15.8,22.996,17.474,25.51,15.775,26.012,16.999,24.623,16.649,23.104,15.074,24.926,15.66,23.179,14.47,23.913,15.313,24.697,16.345,23.998,14.349,25.072,14.992,24.425,15.236,24.425,15.236,25.363,15.008,23.172,14.992,24.252,17.522,24.809,16.812,24.451,15.68,24.805,14.4,23.7,15.952,24.295,14.537,24.044,14.351,24.632,16.239,23.172,14.213,24.613,15.861,25.407,15.353,24.26,14.45,23.45,14.449,25.713,14.771,24.11,14.877,23.232,15.668,24.933,16.551,25.251,15.582,24.572,15.624,23.386,15.198,23.957,16.015,23.157,14.582,25.026,16.018,24.598,14.729,23.998,13.348,26.098,17.017,23.983,16.89,24.996,14.765,23.527,15.541,23.955,18.653,23.652,15.597,23.539,15.62,24.029,15.645,23.788,15.253,23.431,12.532
"Feb 10, 2016",27.089,19.518,25.34,17.333,28.771,19.289,26.161,17,26.093,20.792,26.868,20.292,24.315,17.105,24.979,19.092,26.008,20.742,27.367,18.18,28.916,20.374,27.36,20.498,25.045,17.917,27.239,19.502,25.958,17.114,25.715,17.53,27.361,20.399,25.251,16.694,26.62,18.611,26.541,19.168,26.541,19.168,27.002,18.594,24.965,18.646,26.337,20.061,27.948,20.714,26.063,18.21,27.631,18.45,24.785,18.89,24.856,17.064,26.067,17.196,26.812,20.319,23.911,16.088,27.26,19.65,26.339,18.74,26.49,18.424,25.542,16.827,27.146,17.525,26.575,18.93,24.93,17.827,26.418,19.741,27.274,19.625,26.46,19.151,24.405,17.166,24.334,18.847,24.059,16.5,27.537,20.183,26.371,17.732,25.468,15.137,29.235,20.469,27.143,20.545,26.462,18.189,26.042,18.571,26.377,21.089,24.008,18.823,26.005,18.404,24.621,17.751,25.982,19.124,24.983,14.378
"Feb 18, 2016",29.082,,28.338,,28.868,,,,27.826,,28.877,,26.158,,26.873,,27.833,,28.43,,30.487,,28.981,,27.799,,28.149,,28.469,,28.94,,28.266,,26.518,,29.439,,27.813,,27.813,,,,26.864,,28.982,,28.787,,29.405,,25.795,,27.73,,27.011,,29.242,,27.982,,,,29.214,,29.482,,28.86,,29.086,,,,28.512,,27.343,,29.075,,28.397,,27.274,,27.605,,,,,,28.967,,29.268,,,,30.486,,28.78,,29.634,,25.951,,28.106,,25.606,,28.322,,,,27.735,,25.412,
"Feb 26, 2016",30.209,20.412,28.897,20.43,29.678,20.664,28.215,18.51,26.424,21.741,28.561,20.867,27.173,18.942,27.047,20.718,27.46,20.783,29.728,18.93,30.072,20.907,28.314,22.211,27.686,20.755,27.709,20.268,28.904,19.865,28.626,20.669,28.572,20.759,26.612,19.849,29.305,20.592,29.534,19.984,29.534,19.984,27.339,19.416,27.047,19.902,28.091,21.786,29.379,20.718,29.981,20.76,29.304,18.886,26.121,20.094,27.562,18.641,29.585,19.746,27.766,21.522,26.777,17.757,29.935,19.772,30.216,20.943,29.445,19.804,29.654,20.328,28.285,18.941,30.074,20.015,26.908,20.728,29.205,21.004,29.479,20.702,28.087,20.447,28.368,19.444,25.917,20.277,26.041,18.606,28.613,20.265,30.086,19.578,28.85,17.418,29.884,20.918,28.752,20.258,29.623,19.876,28.09,19.255,26.463,22.406,26.185,20.062,28.43,20.193,26.267,19.041,28.616,20.159,27.368,17.711
"Mar 5, 2016",29.087,20.53,31.013,21.046,29.94,21.912,28.99,20.756,27.65,23.589,27.365,21.584,28.375,20.32,28.026,20.92,27.488,22.844,30.225,20.81,30.467,21.555,28.082,22.506,29.206,21.795,28.087,20.9,30.235,19.647,30.23,21.302,27.625,21.212,27.56,20.577,30.858,20.765,28.735,18.901,28.735,18.901,28.458,20.921,29.587,20.792,28.596,22.264,28.502,21.585,31.085,21.054,29.311,20.25,26.922,20.617,29.24,20.389,32.137,21.136,27.069,21.626,28.188,19.506,29.353,21.074,32.532,21.347,28.826,20.658,32.278,20.791,29.026,20.77,28.968,20.153,28.221,20.991,29.547,21.629,28.562,20.267,27.943,20.127,30.338,20.426,26.779,21.457,27.48,19.882,28.38,21.552,30.702,21.128,30.297,19.334,29.509,22.019,28.233,21.822,31.896,21.401,28.49,21.208,27.617,24.016,28.779,20.937,28.965,21.182,27.621,21.142,28.536,20.481,28.773,19.347
"Mar 13, 2016",30.211,21.141,31.043,20.093,31.12,20.184,30.001,19.011,27.803,22.686,28.66,21.817,28.063,19.092,28.327,19.74,28.11,22.553,30.762,19.809,31.31,22.678,28.957,23.46,28.441,20.499,27.68,20.991,31.603,18.607,30.554,19.973,28.376,21.871,27.151,19.43,32.412,20.753,29.687,20.698,29.687,20.698,28.757,19.681,29.041,19.798,29.335,21.423,29.446,21.908,31.344,20.423,31.125,18.571,26.898,19.636,29.334,18.388,32.77,20.273,28.098,22.521,28.298,18.578,31.507,21.42,32.871,20.67,29.334,20.816,33.415,19.709,29.19,18.52,29.896,21.208,28.136,19.106,30.722,21.515,29.263,21.246,27.952,20.244,30.714,19.881,27.383,18.34,26.888,18.876,29.531,21.685,32.279,20.415,30.633,17.995,30.743,22.686,29.161,21.845,32.273,20.471,29.92,18.933,27.738,22.975,27.555,19.591,29.514,20.319,28.182,17.861,29.409,20.021,29.419,17.988
"Mar 21, 2016",30.847,20.83,31.595,19.8,29.249,23.124,28.329,19.267,28.828,23.523,28.941,22.67,27.721,18.239,28.677,19.431,28.623,23.304,30.564,22.263,30.897,23.373,28.937,23.88,29.015,19.664,28.471,21.158,31.585,19.229,31.448,20.44,29.14,22.086,28.123,18.392,33.662,20.699,30.277,20.091,30.277,20.091,28.261,20.244,29.654,18.401,30.038,21.045,29.434,22.762,32.339,20.649,29.647,21.478,27.622,19.864,28.482,17.953,33.289,19.739,28.497,23.219,27.759,17.706,31.927,21.516,33.684,20.281,30.742,20.029,33.835,19.668,28.535,20.205,29.622,21.195,29.093,19.23,32.241,21.326,29.981,21.207,28.745,20.64,31.633,19.142,26.924,19.296,26.683,17.758,29.555,22.856,32.801,19.575,29.355,17.73,30.394,23.335,29.204,22.879,33.68,20.316,29.141,21.991,28.877,23.675,28.313,18.231,29.728,19.334,26.654,19.106,29.858,19.292,29.86,17.306
"Mar 29, 2016",,19.417,29.08,19.539,27.112,20.837,25.245,17.964,25.538,22.349,25.489,21.851,24.639,20.013,22.207,20.046,26.507,21.64,30.798,19.791,27.503,22.555,26.479,22.754,26.351,18.938,22.927,18.705,25.579,19.397,29.072,21.425,25.906,20.443,24.855,18.081,30.386,20.339,26.934,18.4,26.934,18.4,23.472,18.215,25.921,22.469,25.95,21.957,27.678,21.448,28.251,21.479,26.909,18.671,21.796,17.687,24.474,20.661,30.689,19.759,25.589,21.73,25.169,21.318,32.921,19.584,30.639,22.094,28.056,20.289,30.651,20.683,25.401,14.146,,18.819,24.173,17.457,29.684,21.614,22.746,18.665,21.677,18.018,30.756,19.398,21.894,19.413,24.669,17.667,26.239,21.318,30.599,20.724,26.512,18.739,26.87,22.469,27.831,21.124,31.692,20.951,27.917,19.935,25.456,22.827,24.393,16.691,27,21.059,23.465,19.038,26.678,21.185,26.177,19.528
"Apr 6, 2016",31.096,25.49,32.878,24.482,29.542,24.532,27.097,21.49,30.887,25.504,28.952,24.622,30.912,23.021,30.332,24.401,29.993,25.102,32.293,23.612,30.59,24.854,27.707,25.184,31.43,24.089,29.21,24.844,33.592,22.881,33.732,25.785,29.883,24.981,30.405,22.148,34.249,25.523,30.73,25.145,30.73,25.145,27.933,24.6,32.341,23.859,32.614,25.489,28.745,25.094,33.414,25.42,29.427,23.776,28.758,24.263,30.541,22.701,33.94,25.691,28.378,24.995,30.663,22.321,32.096,24.785,35.362,25.868,31.237,25.583,35.249,25.835,28.065,23.956,29.684,24.986,31.821,23.216,34.069,25.655,30.45,25.119,29.738,24.88,33.787,24.825,28.082,23.37,30.377,21.901,28.843,24.849,33.979,25.768,32.389,21.793,29.123,25.013,29.165,24.977,34.685,25.968,30.26,24.177,31.453,25.752,29.994,23.931,31.729,25.087,26.669,21.883,31.623,25.46,32.837,21.413
"Apr 14, 2016",32.907,23.521,33.995,24.42,28.645,23.398,24.7,21.134,30.049,23.542,29.843,23.219,29.594,19.679,27.605,22.266,29.899,23.319,31.096,22.966,31.408,23.713,29.193,23.974,30.792,22.843,27.674,21.1,34.572,24.135,35.308,23.714,29.889,22.298,29.437,20.951,34.425,23.846,29.938,22.701,29.938,22.701,26.523,20.772,29.275,22.162,33.037,23.703,30.64,23.528,34.01,23.418,29.536,22.763,26.925,21.798,28.324,19.596,35.505,24.149,28.708,23.55,28.558,18.62,33.042,23.439,34.436,23.216,32.938,23.996,36.206,23.985,25.944,20.966,30.959,22.908,31.702,23.26,33.766,23.182,30.931,22.092,28.534,21.099,34.47,24.064,26.217,21.817,28.907,18.219,29.168,23.511,34.915,23.975,30.147,19.128,30.85,23.756,30.363,23.003,34.587,23.98,28.688,23.626,30.721,23.921,27.14,21.922,30.762,22.878,25.222,21.32,30.228,22.789,30.634,21.162
"Apr 22, 2016",31.651,24.858,33.499,24.871,30.191,23.336,25.449,22.893,30.361,24.767,29.878,24.074,31.416,22.685,29.781,23.437,29.801,24.081,31.267,22.459,30.707,24.066,29.108,24.568,29.63,23.896,28.97,23.596,34.72,24.009,35.372,25.338,30.645,23.697,31.381,22.705,33.77,24.934,30.899,24.302,30.899,24.302,28.018,23.511,30.052,23.096,34.133,25.451,29.043,23.904,34.927,25.511,29.741,22.571,27.665,23.573,29.874,22.086,35.358,25.175,29.742,24.237,31.121,21.81,31.979,24.087,35.248,25.636,31.393,24.905,35.937,25.57,26.521,24.041,30.815,24.033,32.545,23.733,34.062,25.056,29.623,23.582,28.764,23.694,34.415,25.09,26.143,23.176,31.229,21.407,29.973,24.347,34.177,25.107,32.243,21.78,30.602,24.778,30.11,23.866,34.395,25.677,29.656,22.789,31.151,25.231,30.122,22.506,29.858,24.033,25.238,23.799,30.434,24.48,33.606,21.991
"Apr 30, 2016",32.531,21.858,33.471,23.115,31.96,22.454,26.968,22.476,31.368,23.41,30.793,22.598,29.16,21.295,28.969,21.429,31.008,22.384,32.283,21.878,34.542,22.495,31.295,23.4,30.278,23.007,27.739,21.323,34.635,22.579,34.522,22.51,31.441,20.658,29.969,20.303,32.397,22.047,30.782,21.738,30.782,21.738,27.799,22.343,29.583,22.138,34.085,22.949,31.045,21.63,34.362,21.619,30.982,20.411,27.045,21.821,28.264,21.232,35.121,22.903,31.721,23.776,29.421,20.784,30.289,22.828,34.303,21.66,31.533,21.669,35.723,23.01,28.417,22.393,29.831,22.106,33.061,21.46,34.581,22.714,30.068,21.897,28.843,20.798,34.261,23.007,27.807,21.871,28.995,19.404,32.458,23.178,33.577,22.365,29.115,19.353,33.038,22.95,31.191,21.905,33.271,22.079,30.541,21.712,31.948,24.039,28.536,21.83,31.02,22.422,25.88,22.715,31.503,21.538,29.943,19.641
"May 8, 2016",29.086,24.022,30.802,24.678,31.713,23.52,30.525,23.295,30.505,23.934,30.208,22.16,28.697,21.254,29.283,21.185,30.191,23.565,33.206,22.773,34.154,23.361,29.403,23.905,29.058,21.662,31.393,22.791,33.045,23.844,31.611,23.535,30.873,24.329,28.876,21.303,28.993,24.008,30.314,24.789,30.314,24.789,30.99,20.848,29.247,21.06,30.6,24.87,30.593,22.149,30.837,24.015,30.438,21.486,28.661,20.306,28.417,20.834,31.037,24.008,29.739,23.467,29.392,21.169,29.442,23.472,30.274,24.332,28.703,23.237,31.331,23.096,30.634,23.19,29.948,22.979,30.568,22.403,30.944,25.194,30.425,24.083,30.114,23.799,29.868,24.093,28.572,19.701,28.861,22.088,31.46,23.463,29.795,24.235,29.769,21.832,32.108,23.567,31.19,22.758,29.472,24.028,30.885,22.692,30.356,24.259,29.291,21.323,29.018,23.348,28.376,20.808,29.426,23.431,29.835,21.318
"May 16, 2016",30.313,23.763,28.019,25.333,31.509,24.505,29.695,25.059,27.179,26.577,28.913,25.399,30.688,22.987,29.72,24.21,28.469,25.686,32.702,23.271,30.523,26.136,27.636,25.74,27.253,24.961,29.958,,30.833,23.638,31.834,24.945,30.375,24.96,29.969,22.078,30.664,24.06,29.325,23.763,29.325,23.763,29.721,24.148,29.178,24.111,31.047,24.168,29.826,25.759,31.676,24.834,30.78,24.108,28.229,24.084,28.69,22.528,31.333,25.461,26.261,25.65,29.664,22.165,28.988,,32.111,24.63,29.487,24.058,31.693,25.315,29.683,24.947,29.119,,30.266,23.759,29.756,24.225,29.86,,29.597,23.22,28.814,25.389,29.324,24.388,29.861,21.617,29.943,25.7,30.38,25.248,29.861,22.194,29.46,25.918,29.274,26.053,30.926,24.657,29.508,23.91,27.122,26.49,31.488,23.933,27.268,25.019,28.618,25.392,27.907,24.449,29.529,22.93
"May 24, 2016",28.645,22.23,28.447,21.802,26.647,23.261,25.525,22.881,29.318,24.958,27.847,23.302,26.076,21.976,26.418,21.143,28.681,24.401,27.463,22.007,29.033,24.614,27.42,23.793,27.105,21.795,27.819,22.877,29.099,22.351,31.47,22.256,27.544,23.11,25.971,21.862,27.63,20.714,27.524,22.499,27.524,22.499,26.407,22.068,26.386,19.552,29.978,23.607,29.474,23.498,29.731,21.781,25.506,19.568,25.606,24.329,25.406,22.089,29.19,21.779,26.83,23.276,27.938,22.275,27.144,20.516,28.74,22.9,27.514,22.193,31.486,21.633,25.289,20.875,27.036,22.735,27.678,22.136,28.865,24.495,27.404,23.116,27.473,22.892,28.647,21.178,25.258,23.417,27.565,21.363,27.496,24.179,28.727,21.355,28.176,22.01,28.706,24.21,29.077,24.121,27.439,22.129,25.359,21.212,29.32,25.371,26.61,18.785,27.689,21.681,25.004,24.306,27.12,20.194,28.44,22.304
"Jun 1, 2016",30.091,25.302,30.857,24.907,30.081,25.672,29.794,26.772,28.332,25.83,27.773,26.679,30.081,24.975,30.111,25.529,28.088,25.673,29.113,22.939,28.051,26.788,27.434,26.676,31.194,24.981,29.655,27.024,32.089,24.946,30.459,25.002,28.901,27.194,31.109,24.899,28.559,24.65,29.15,25.947,29.15,25.947,30.945,26.517,30.505,24.851,27.716,25.054,27.962,27.08,28.08,24.837,29.713,24.496,27.621,27.35,29.433,25.156,30.655,24.769,27.727,26.636,28.946,25.504,28.135,25.3,28.48,25.266,29.842,24.727,31.839,24.916,30.522,25.132,29.052,26.791,31.376,25.051,28.876,26.04,30.041,26.563,28.896,24.555,31.09,24.745,28.852,26.561,29.859,24.989,28.017,26.939,31.937,24.976,30.377,24.904,27.83,27,27.574,26.559,29.056,24.945,28.482,24.299,28.186,26.442,30.71,24.657,31.13,25.036,28.164,28.029,30.414,24.958,29.771,24.637
"Jun 9, 2016",26.699,,33.336,,22.743,24.479,25.668,,29.058,25.187,29.058,25.545,28.043,24.116,29.055,20.621,28.961,25.541,25.855,,27.636,25.907,26.999,25.743,27.289,21.347,,,32.121,22.587,27.791,25.19,,,,23.825,27.809,,27.442,,27.442,,,,26.451,20.449,28.835,25.758,28.856,25.606,29.862,25.17,,,25.89,19.765,28.046,23.885,31.026,,18.785,26.07,27.203,25.127,26.205,25.335,29.192,,26.383,,28.46,,26.115,,26.833,,32.143,21.346,27.897,19.529,29.51,,25.123,,30.257,21.302,24.816,,29.352,24.862,21.123,25.58,30.537,21.41,28.168,24.754,28.79,25.609,27.324,25.672,27.172,,24.026,16.067,27.667,22.366,31.714,20.413,27.332,21.225,25.606,,27.995,,27.72,23.819
"Jun 17, 2016",27.822,25.89,26.838,,27.826,25.274,27.132,26.036,28.232,24.743,28.398,25.565,23.983,,27.667,25.863,27.769,25.569,28.931,,28.036,25.564,27.105,26.04,24.846,,27.623,26.191,28.81,,27.139,,27.325,26.003,25.33,,27.059,24.402,27.371,25.774,27.371,25.774,26.494,26.427,27.184,25.858,29.11,,26.299,25.852,28.483,,28.988,24.576,26.365,26.989,23.219,,26.957,25.219,28.162,26.035,23.263,26.015,27.587,26.053,28.023,,25.476,25.197,27.462,,24.181,26.614,26.371,,26.775,,29.418,26.24,29.742,,28.569,25.57,26.153,24.966,24.317,,27.836,,28.222,25.999,26.312,25.11,9.17,,27.017,26.196,27.674,25.956,24.823,25.098,27.063,24.738,28.912,26.044,26.701,,26.171,25.359,25.407,26.743,27.044,25.161,,
"Jun 25, 2016",27.805,26.23,31.876,26.279,28.897,25.718,28.407,,27.881,25.222,28.254,,26.201,,27.95,,27.298,24.651,28.384,24.474,26.972,25.737,25.583,25.648,27.565,26.255,29.323,,31.492,25.902,29.156,25.864,28.079,,,,26.498,25.759,24.814,26.659,24.814,26.659,29.199,,25.892,25.625,30.657,,25.39,,29.237,25.971,30.392,,27.263,,26,,30.469,26.341,25.635,25.965,25.317,,26.643,,28.546,,28.05,26.158,28.742,26.546,29.246,,28.836,,31.012,,28.954,,28.707,,27.2,26.119,30.913,26.376,26.798,,24.437,,26.224,25.505,28.938,26.615,,,27.244,25.529,29.594,25.995,26.158,25.94,28.553,24.558,28.419,25.199,25.607,26.053,25.193,26.309,26.82,,26.588,26.412,32.038,25.573
"Jul 3, 2016",,,29.29,,20.036,,28.053,,,,,,,,,,,,25.581,,,,24.889,,24.674,,,,30.625,,,,,,,,,,,,,,24.827,,,,,,,,,,,,22.08,,25.054,,,,,,18.834,,,,,,,,,,,,,,,,,,,,,,,,,,-7.668,,28.249,,,,,,,,,,,,24.422,,27.198,,,,20.75,,26.503,20.263,27.043,,,
"Jul 11, 2016",25.716,25.63,27.178,25.387,25.868,22.411,23.65,,21.421,22.844,21.839,,,25.824,,25.551,21.534,22.279,,17.012,,,24.969,23.846,27.147,25.663,23.259,,27.467,25.144,26.75,25.031,26.812,,,25.876,25.709,,,25.385,,25.385,24.04,26.658,26.066,,26.672,22.349,,,25.683,24.897,26.133,,24.326,,26.015,25.917,26.08,24.924,20.767,24.051,,26.295,25.046,,27.142,,25.066,,26.641,,25.498,26.47,25.601,25.346,28.076,25.589,24.123,,26.969,25.63,25.084,,27.047,,25.141,,,26.007,,24.18,24.989,,,26.219,25.93,25.965,23.125,,25.176,,25.528,22.608,24.235,21.57,,,26.517,,25.576,,25.415,26.135,,25.696
"Jul 19, 2016",24.01,,,,28.535,,,,25.593,,24.338,,,,,,20.131,,27.539,,,,,,,,,,,,27.596,,28.768,,,,,,,,,,,,,,,,23.275,,29.642,,24.936,,,,18.508,,,,27.248,,,,,,,,,,24.034,,,,,,,,,,,,,,,,,,,,27.228,,,,,,,,26.346,,,,26.212,,24.954,,,,8.75,,,,21.824,,,
"Jul 27, 2016",25.522,25.921,27.687,26.254,27.332,24.502,31.067,26.519,26.612,,26.866,,24.582,28.029,27.431,26.01,26.595,26.275,28.189,,28.768,,27.385,,26.248,27.034,27.97,26.568,27.221,26.207,23.598,,29.02,26.296,29.855,27.812,25.036,25.855,26.919,25.886,26.919,25.886,29.796,26.853,26.247,27.397,28.181,,26.946,,27.027,,28.147,20.716,26.58,26.522,21.706,26.932,25.853,25.778,27.161,,30.52,27.68,22.905,26.228,28.229,,24.947,25.73,23.544,,30.302,26.253,26.102,26.144,27.052,27.187,24.395,25.458,26.583,25.779,27.027,25.577,26.892,26.928,26.484,25.788,27.931,28.097,27.757,22.05,25.624,25.387,30.45,27.715,28.797,,27.237,,25.23,24.868,27.81,21.767,27.604,26.643,16.729,26.393,25.529,26.05,27.639,26.545,26.301,25.75,28.733,27.876
"Aug 4, 2016",27.436,,,,27.338,14.348,30.404,,25.701,,25.889,,23.676,26.828,28.111,,22.983,,28.185,,,,20.866,,21.567,,28.564,,26.123,,26.617,,29.976,,25.21,26.723,25.539,,27.931,,27.931,,29.167,,26.135,,27.046,,,,,,31.046,,25.589,,26.323,,11.128,,21.828,,26.859,,26.228,,26.437,,24.991,,27.046,,27.891,,27.2,,,,27.207,,29.048,,29.116,,27.142,,27.838,,,,27.352,,26.811,,-5.541,,24.543,,,,18.38,,28.858,,25.566,,26.854,,25.099,,26.853,,27.832,,,
"Aug 12, 2016",26.161,26.55,25.229,26.348,28.262,21.886,27.902,25.742,26.252,25.259,25.747,25.193,29.555,26.628,28.21,25.772,26.069,25.302,27.363,21.102,27.82,25.761,26.477,25.56,25.91,26.563,24.44,25.993,26.506,26.227,26.902,25.82,25.734,26.025,29.309,26.789,29.946,25.653,25.469,25.677,25.469,25.677,24.548,26.329,26.846,26.158,25.881,25.686,27.355,25.376,26.825,26.016,27.718,21.093,23.719,25.829,28.157,26.293,24.384,25.827,24.614,24.592,28.735,26.475,26.977,26.084,28.3,25.603,23.552,26.91,26.258,25.14,,25.062,25.136,25.981,25.931,26.741,27.185,25.754,24.417,26.419,25.024,25.952,25.834,26.163,23.769,26.157,29.35,26.586,27.164,24.852,25.199,26.201,27.92,26.514,26.899,25.811,21.544,25.219,23.326,25.791,27.218,20.167,25.979,25.641,30.178,26.008,24.752,26.504,23.855,26.38,24.684,26.563,30.407,26.432
"Aug 20, 2016",29.035,26.199,30.591,26.231,29.294,25.241,31.526,26.436,28.828,26.49,30.116,27.083,32.669,26.629,32.93,26.356,28.662,25.872,28.926,16.078,29.07,26.606,29.042,26.596,31.14,26.535,29.157,27.097,30.508,26.282,29.728,26.089,29.853,26.707,32.484,26.614,29.407,27.075,29.312,25.879,29.312,25.879,29.697,26.638,32.812,26.513,29.024,26.807,28.874,26.69,30.171,26.501,29.029,23.851,27.976,27.418,33.205,26.528,29.744,26.551,29.022,26.642,31.923,26.308,29.187,27.419,30.556,27.153,28.633,26.851,30.42,26.022,30.682,25.896,29.816,26.079,31.123,26.745,28.873,27.506,29.591,26.349,29.954,26.265,31.404,27.136,32.282,26.776,32.01,26.468,28.564,26.371,30.257,26.956,31.579,25.785,29.732,26.886,29.025,25.389,29.954,27.031,28.298,23.228,29.154,26.374,33.663,26.144,30.955,26.78,29.881,27.306,30.313,26.337,31.725,26.316
"Aug 28, 2016",29.363,25.978,30.234,,27.545,25.645,26.703,,26.108,25.352,26.939,26.003,28.07,24.22,,25.66,26.105,25.29,27.181,23.963,25.511,26.413,25.277,26.374,27.957,25.659,29.521,26.902,29.863,,30.464,26.151,28.108,26.789,28.678,,27.587,26.589,29.263,25.629,29.263,25.629,28.494,26.163,29.075,24.754,29.757,26.227,,25.487,30.031,26.539,30.073,24.501,26.15,25.936,27.226,21.832,28.787,26.171,26.185,26.439,26.358,21.121,28.543,26.262,29.564,25.943,28.262,26.274,30.872,26.021,27.684,,28.58,26.512,29.13,,29.807,26.52,28.623,25.618,29.059,25.651,29.318,25.796,20.77,26.795,28.265,,28.039,26.509,29.271,26.418,29.193,,24.771,26.693,27.444,26.606,27.899,26.453,26.503,25.548,27.864,25.157,,24.903,28.163,25.032,26.711,26.421,29.908,26.093,29.363,
"Sep 5, 2016",27.911,,29.604,25.237,28.507,24.957,27.681,,28.123,24.084,27.382,26.057,28.55,25.373,29.481,,27.348,23.491,27.789,15.788,26.958,25.063,24.77,24.38,28.651,24.869,28.874,26.128,26.973,25,30.495,,28.718,26.204,27.85,25.479,27.059,,27.257,,27.257,,28.366,25.66,29.433,23.888,29.247,24.254,29.715,25.793,29.715,,28.179,,26.681,26.146,28.031,25.316,29.327,,28.409,,26.632,25.58,28.523,,29.573,,29.011,,31.467,,29.413,,26.986,24.591,28.813,25.295,29.34,,27.858,24.917,29.773,26.076,29.277,25.594,28.347,,27.98,25.71,27.518,25.478,29.515,,27.736,,27.346,25.727,27.948,25.45,29.583,,26.885,24.784,28.299,,29.37,,29.412,,25.464,,30.275,,28.165,25.306
"Sep 13, 2016",29.41,26.73,28.944,26.438,27.663,,28.834,26.67,28.311,25.946,28.351,26.486,28.018,25.7,28.003,26.343,27.891,25.885,26.653,21.641,28.658,26.074,27.76,24.251,26.308,25.759,28.283,27.165,27.978,,28.943,25.935,29.776,27.12,27.862,25.444,29.151,26.578,27.776,26.459,27.776,26.459,28.502,26.98,27.082,25.992,29.229,26.353,29.202,26.359,28.738,26.061,28.045,24.025,26.378,27.536,27.501,25.288,27.218,26.177,28.657,25.916,28.152,21.447,29.12,26.733,29.488,25.94,26.857,27.03,29.398,25.83,28.164,26.078,28.738,26.849,27.553,26.723,29.539,26.327,29.434,26.828,27.482,26.896,28.46,26.516,27.736,27.46,27.923,,27.382,25.726,27.194,27.19,27.955,,28.476,25.414,28.758,26.159,27.453,26.506,26.27,23.171,28.607,25.673,27.662,,26.738,26.583,27.436,27.483,27.812,26.396,26.354,
"Sep 21, 2016",28.683,26.53,27.208,26.026,29.533,,28.741,26.468,27.288,,27.094,,28.856,25.579,26.921,26.326,27.234,23.438,27.973,21.798,25.805,,26.471,,26.39,25.557,28.039,27.433,27.686,25.964,27.491,,27.822,,28.655,25.764,28.253,25.644,28.307,26.487,28.307,26.487,28.238,26.892,27.25,25.883,28.902,26.654,26.779,,29.064,25.443,28.756,,27.305,27.24,27.885,25.569,27.148,25.561,25.907,,28.563,25.575,28.459,25.684,28.22,,27.588,26.292,27.578,,28.086,26.856,26.816,26.627,27.246,26.284,28.764,,29.081,26.401,28.266,26.096,28.056,26.009,26.865,26.869,28.368,,27.353,,27.504,26.676,27.493,25.177,26.493,,27.123,,26.181,24.988,28.228,,26.39,,28.006,25.715,27.285,26.163,27.456,27.332,27.805,26.211,27.857,
"Sep 29, 2016",28.65,25.52,28.223,25.186,28.278,25.189,30.212,26.155,26.366,25.268,25.364,25.752,29.606,25.278,27.86,24.864,25.351,25.177,28.463,23.733,23.201,25.395,22.811,25.807,28.351,25.044,29.375,26.46,28.821,24.532,29.687,24.752,28.457,25.941,29.777,25.482,26.591,25.926,28.958,25.071,28.958,25.071,29.59,26.005,30.026,24.984,27.841,25.375,18.649,25.723,29.235,24.972,27.174,23.769,28.408,26.777,28.481,25.486,29.09,25.149,25.13,25.658,29.21,25.498,27.674,25.452,26.941,25.347,28.319,25.519,29.787,25.06,28.336,25.944,27.541,25.521,28.52,25.407,25.984,25.788,30.109,25.631,29.134,25.823,28.074,26.177,29.436,25.856,29.097,25.512,26.074,25.652,28.935,26.117,29.024,25.489,23.387,26.009,26.287,25.365,28.568,25.534,27.306,23.918,27.39,25.536,28.835,25.032,27.815,26.204,29.547,27.175,28.969,25.22,29.015,25.727
"Oct 7, 2016",29.808,24.03,29.069,23.643,29.183,21.613,28.59,23.507,26.01,23.368,25.852,24.394,28.354,23.809,27.819,24.313,26.714,24.18,27.507,21.729,25.823,24.891,23.581,24.844,28.093,23.685,26.293,17.339,28.912,23.987,29.215,20.016,26.591,20.466,28.037,24.023,27.784,21.881,29.147,22.54,29.147,22.54,27.856,22.732,28.874,23.674,28.333,23.074,24.135,24.572,27.928,21.517,26.329,21.457,27.472,24.162,27.889,23.968,28.256,22.405,22.008,23.922,27.93,22.94,28.618,21.524,28.231,22.484,29.134,24.384,29.144,20.208,27.96,18.054,27.606,21.936,28.016,24.207,28.808,22.341,28.763,24.104,27.475,20.252,28.828,23.927,27.371,24.702,27.946,22.39,24.524,23.969,27.914,24.65,27.414,22.64,25.684,24.967,27.085,24.436,28.472,23.744,26.752,21.239,25.33,23.022,28.535,23.593,26.798,24.069,27.65,24.859,26.973,24.042,27.676,23.245
"Oct 15, 2016",30.778,25.23,29.87,24.502,28.909,24.594,29.972,25.42,28.912,25.728,28.668,25.66,29.021,23.931,29.571,24.925,28.713,25.529,27.948,22.728,28.406,25.627,28.389,25.793,29.57,24.403,29.553,26.22,29.352,24.138,31.919,23.936,29.681,25.718,29.005,23.863,30.186,24.931,29.997,25.05,29.997,25.05,29.531,25.505,30.183,24.722,30.296,25.116,28.728,25.589,30.568,24.06,28.742,23.663,29.184,26.794,28.584,24.436,30.075,24.131,28.659,25.566,29.106,23.587,30.077,25.326,30.768,24.384,30.121,25.345,31.005,23.845,29.384,25.266,29.575,25.39,29.135,24.165,30.004,25.824,30.474,25.649,29.541,25.359,29.885,25.163,29.465,25.989,29.16,23.394,29.063,25.947,30.238,25.609,29.278,23.269,28.389,25.766,28.816,25.594,30.353,24.866,27.956,23.89,29.116,25.711,29.813,24.469,29.626,25.335,29.2,26.805,29.957,24.957,29.216,23.351
"Oct 23, 2016",30.847,23.23,29.053,23.023,28.321,21.283,28.61,22.884,27.514,23.542,27.801,22.489,28.271,21.99,28.725,22.001,27.948,23.283,27.229,21.955,27.543,23.374,27.997,23.935,28.578,22.097,30.184,23.278,28.656,22.421,31.36,22.117,29.499,22.56,28.561,21.922,29.514,22.814,29.716,23.105,29.716,23.105,29.654,22.518,29.362,22.358,28.985,22.627,28.114,21.488,29.52,21.596,27.48,20.969,29.166,23.784,28.307,22.668,29.116,22.193,27.788,23.085,28.408,22.046,29.406,22.175,30.132,21.852,29.568,22.781,31.035,22.323,28.818,22.214,29.577,21.659,28.302,22.39,28.993,23.203,30.934,22.455,30.073,22.798,29.046,22.921,28.597,22.912,28.563,21.857,28.409,22.682,28.986,22.58,28.719,21.751,27.521,23.679,28.044,21.943,29.242,22.082,26.778,21.429,27.888,23.849,28.4,22.012,28.894,22.187,28.4,23.96,29.237,21.807,28.97,21.932
"Oct 31, 2016",30.647,23.478,28.332,22.121,28.906,21.935,29.757,23.568,25.891,22.965,27.468,23.453,28.383,20.91,28.801,23.393,26.138,23.001,27.818,21.625,26.699,23.077,26.981,23.766,27.859,21.855,29.831,23.436,28.192,21.112,29.123,21.666,29.51,23.659,28.719,20.423,28.288,22.884,29.842,23.159,29.842,23.159,29.225,23.192,28.836,22.437,27.464,22.545,26.405,23.252,27.599,21.068,28.47,21.601,28.669,23.447,27.702,20.851,28.296,21.62,27.24,23.663,28.761,20.207,28.847,23.443,27.624,22.252,29.246,23.144,29.525,21.727,28.875,23.353,29.547,23.414,28.08,21.534,27.878,22.707,30.83,23.774,29.436,22.979,27.866,22.631,28.654,23.803,28.906,20.125,28.585,22.992,28.646,22.903,28.925,20.061,26.648,23.219,25.996,23.42,28.257,22.759,27.405,20.983,26.485,23.125,28.575,22.573,28.857,22.627,28.578,24.555,29.314,23.017,29.114,20.169
"Nov 8, 2016",28.36,20.083,28.466,19.439,27.209,19.396,27.29,21.085,26.032,21.859,26.616,20.956,27.982,19.254,27.565,19.795,26.24,21.21,26.039,18.373,26.333,19.948,26.512,21.323,28.226,19.222,27.889,20.545,28.318,18.759,29.299,18.698,27.583,20.649,28.211,18.651,27.804,19.555,27.696,19.86,27.696,19.86,27.581,20.683,28.176,19.634,27.523,20.431,26.434,19.948,28.191,18.863,26.258,18.635,27.174,21.222,27.548,19.956,28.421,18.743,26.496,20.863,28.282,19.4,27.854,20.441,28.129,18.989,27.623,19.78,29.413,18.262,26.737,20.413,27.906,20.269,28.363,19.094,27.486,20.678,28.365,20.367,27.458,19.921,28.103,19.474,27.78,21.003,28.445,18.832,27.172,20.703,28.125,19.763,28.351,18.99,26.44,20.646,26.342,20.162,27.982,19.248,25.494,19.572,26.787,21.995,27.938,19.399,28.034,19.938,26.932,22.28,27.802,19.441,28.4,18.684
"Nov 16, 2016",27.913,19.02,27.758,17.862,26.726,18.761,26.613,19.187,25.128,20.022,25.684,19.835,27.855,17.566,27.161,18.186,24.715,19.535,25.464,18.419,25.265,18.489,25.594,20.37,28.042,17.759,27.511,19.709,27.312,16.964,27.653,17.254,26.957,19.741,27.854,16.936,27.528,18.235,26.881,18.944,26.881,18.944,27.219,19.571,27.992,17.704,26.788,18.708,25.295,18.572,27.6,17.283,25.445,17.434,26.922,20.44,27.419,18.231,27.637,17.432,25.614,20.087,28.149,17.857,27.229,18.793,28.148,17.652,27.593,18.73,28.287,17.04,26.334,18.929,26.997,19.266,27.872,17.259,26.998,19.336,27.99,19.683,27.079,19.251,27.087,18.398,27.055,19.275,27.968,17.466,26.229,19.879,27.945,18.399,28.082,17.508,25.601,19.238,25.129,18.852,27.827,18.239,24.685,18.955,25.46,20.096,27.561,17.505,27.863,18.534,25.984,21.313,27.627,17.93,28.319,16.693
"Nov 24, 2016",27.42,18.762,27.503,18.006,26.092,18.125,25.917,18.284,24.836,19.959,25.403,19.648,27.226,16.84,26.692,17.873,24.78,19.758,24.438,17.084,25.812,19.246,25.649,20.088,27.678,17.609,27.08,18.768,26.965,17.415,27.5,18.153,26.418,18.985,27.535,16.413,27.872,18.398,26.351,18.578,26.351,18.578,26.711,18.554,26.732,17.386,26.967,19.089,25.102,19.078,28.086,18.138,24.503,16.684,26.633,19.308,26.578,17.05,27.814,17.855,25.742,19.731,27.151,16.861,27.587,18.486,28.507,18.266,27.209,18.48,28.127,17.909,25.567,18.096,26.939,18.821,27.796,17.356,26.941,19.701,27.367,19.214,26.444,18.595,27.529,18.09,26.664,18.748,27.08,16.79,26.145,19.569,27.965,18.152,26.826,17.061,25.768,19.747,25.252,18.979,27.849,18.337,23.598,17.942,25.487,20.228,26.846,17.412,27.35,18.12,25.393,20.226,26.857,17.757,27.562,16.6
"Dec 2, 2016",27.02,17.89,25.552,17.148,27.111,18.265,26.515,17.538,24.276,19.272,25.134,18.826,25.98,16.647,26.675,17.364,23.976,18.809,25.811,18.088,25.42,18.039,25.358,19.666,27.137,17.012,27.206,18.171,25.03,16.269,26.703,16.808,26.541,18.304,26.743,15.928,27.177,17.303,26.247,17.754,26.247,17.754,26.776,17.73,26.592,16.917,26.06,18.315,24.688,17.564,27.543,16.966,25.453,16.754,26.292,18.223,25.514,16.595,26.907,16.974,25.211,19.272,26.259,16.41,26.832,17.974,28.006,17.096,26.64,17.455,27.388,16.645,25.989,17.157,26.65,18.093,25.651,16.708,26.264,18.425,27.501,18.39,26.583,17.65,26.529,17.504,27.001,17.999,25.824,16.349,25.925,19.204,27.073,17.329,26.527,16.304,25.839,18.767,24.288,18.083,27.626,17.487,24.846,18.56,24.669,19.58,26.624,16.854,26.727,17.252,25.499,19.838,26.657,16.88,27.095,15.632
"Dec 10, 2016",24.95,15.299,23.214,13.659,25.171,16.088,25.614,15.997,22.324,16.317,23.192,15.954,24.296,14.655,24.767,15.348,22.111,15.859,24.249,16.47,23.247,14.87,23.832,16.682,24.01,14.636,25.416,15.898,22.691,12.792,23.391,13.702,24.504,14.988,24.35,13.726,25.128,14.472,24.335,15.529,24.335,15.529,25.834,16.14,24.411,15.032,23.691,14.966,22.402,14.725,24.535,13.961,23.695,15.335,25.129,16.315,24.687,15.114,23.967,13.814,23.442,16.219,25.373,14.67,24.864,14.88,25.463,14.085,24.12,14.871,24.008,13.514,24.99,16.22,25.167,15.32,23.188,13.547,24.232,15.313,25.725,15.679,24.715,15.793,23.491,14.111,25.728,15.892,23.758,14.292,24.027,15.887,24.106,14.378,24.106,14.286,23.9,15.567,22.454,15.256,24.717,14.526,23.582,17.273,22.479,16.554,25.178,15.36,23.729,14.562,24.835,17.71,24.049,14.716,25.648,13.29
"Dec 18, 2016",24.346,16.798,23.899,15.893,24.646,17.645,24.835,17.307,22.143,17.457,22.984,17.23,24.586,15.987,24.944,16.851,22.117,17.174,23.409,17.449,23.571,16.667,23.336,17.741,24.495,15.897,25.485,17.369,23.857,15.139,23.236,15.529,25.055,17.478,25.11,15.319,24.54,15.911,24.321,17.131,24.321,17.131,25.284,17.444,24.465,16.16,23.615,16.513,23.234,16.453,24.248,15.652,23.293,16.472,24.502,17.818,24.299,16.039,24.018,15.6,23.73,17.629,25.133,15.715,24.237,16.345,24.856,15.724,23.213,16.27,23.948,15.577,24.523,17.204,24.526,16.464,24.807,15.42,23.813,16.803,24.547,17.215,24.342,17.19,24.029,15.979,25.453,17.526,24.498,15.671,24.433,17.677,24.131,15.894,24.985,15.678,23.78,17.001,22.83,16.693,24.194,16.125,22.808,17.737,22.411,17.571,24.845,16.324,23.789,15.967,24.278,18.912,24.13,16.203,25.22,15.18
"Dec 26, 2016",24.638,15.95,23.842,15.36,25.311,17.088,24.455,16.526,22.79,17.3,23.755,16.832,22.799,15.327,24.302,16.524,22.992,16.843,24.269,17.061,24.203,16.196,23.598,17.699,23.594,15.509,25.328,16.747,23.092,15.013,23.595,15.326,24.901,16.995,23.564,15.071,24.965,15.284,24.088,16.424,24.088,16.424,24.923,16.841,23.112,15.478,23.731,16.502,23.942,15.686,24.249,15.486,23.712,16.221,24.213,17.247,21.686,15.169,24.501,15.104,23.784,17.385,22.232,14.816,24.49,15.679,24.677,15.431,23.947,15.214,23.939,15.124,24.447,16.836,24.696,15.781,23.532,15.426,24.115,16.359,25.182,16.652,24.574,16.545,24.813,15.402,24.332,17.103,22.01,14.591,24.387,17.495,24.614,15.281,23.94,14.482,24.12,16.818,23.824,15.949,24.447,15.48,23.214,17.678,23.07,17.551,24.129,15.642,23.544,15.349,23.464,18.113,23.437,15.526,22.919,14.72
"Jan 1, 2017",23.518,15.141,22.93,13.991,25.328,15.897,25.019,16.49,22.32,16.403,22.553,16.231,21.824,14.26,24.385,15.676,21.998,15.954,24.181,15.995,23.771,15.053,23.129,17.019,23.562,14.082,25.218,16.04,22.016,13.266,22.574,13.982,24.375,15.891,21.045,13.411,23.565,14.332,23.85,15.565,23.85,15.565,25.295,16.488,23.274,14.563,23.022,15.697,22.699,15.06,23.279,14.441,23.841,14.968,24.193,16.721,22.747,14.659,22.407,14.065,22.948,16.757,22.033,13.941,22.9,14.866,23.569,14.616,22.526,14.375,23.028,13.785,24.396,16.26,23.713,15.018,23.794,13.808,23.313,15.562,24.419,15.787,24.664,15.765,23.038,14.366,25.123,16.745,21.327,13.677,23.852,16.567,22.556,14.286,22.296,13.148,23.866,15.832,22.508,15.36,23.015,14.72,23.339,16.423,22.539,16.577,24.142,15.198,22.799,14.223,24.071,18.064,23.398,14.559,20.424,13.312
"Jan 9, 2017",22.655,12.351,21.213,11.392,23.676,13.612,23.227,14.29,21.012,14.678,21.58,13.896,21.251,10.855,22.449,13.043,20.78,14.068,22.231,13.635,22.644,13.232,21.904,14.755,21.756,11.286,23.094,13.341,21.233,10.337,21.654,11.825,22.636,13.067,22.161,10.188,22.461,11.494,22.279,12.802,22.279,12.802,22.742,13.764,21.839,11.427,21.897,13.834,22.119,12.599,22.452,12.298,22.204,12.643,21.805,14.149,21.475,11.495,21.66,11.405,21.675,14.098,21.49,10.975,22.01,12.331,22.471,12.031,21.667,11.492,21.866,11.208,22.513,13.422,21.893,12.227,21.779,11.227,22.243,13.06,23.23,13.136,22.618,13.054,21.482,11.895,22.941,14.088,21.332,10.842,22.523,14.146,21.799,11.378,22.029,10.754,22.626,13.75,21.775,13.194,21.996,11.9,21.433,14.252,21.224,14.886,22.1,12.42,21.556,11.458,22.299,15.355,22.142,11.566,20.831,10.138
"Jan 17, 2017",23.471,14.35,22.913,13.25,24.889,14.246,24.023,14.839,21.918,15.19,22.466,14.843,23.061,13.795,23.166,15.341,22.018,14.853,23.882,14.536,24.061,14.033,22.839,15.222,23.309,13.696,24.09,15.197,23.24,12.712,22.539,13.476,24.05,14.646,23.996,13.058,23.012,13.087,22.626,14.835,22.626,14.835,23.665,15.372,23.156,13.945,22.304,15.446,23.334,14.117,22.786,14.037,23.794,13.976,22.738,16.086,23.295,13.631,22.712,12.899,22.567,14.691,22.867,13.809,22.676,13.654,22.92,13.476,22.324,12.867,22.995,12.994,23.21,14.66,22.667,13.613,23.163,13.955,22.794,14.388,23.954,14.759,22.961,15,22.646,13.91,23.447,16.079,23.148,13.676,23.404,14.798,22.851,12.949,23.549,13.139,23.91,14.307,22.907,14.376,22.777,13.352,22.747,15.194,21.992,15.335,23.64,15.155,22.644,13.544,23.009,16.405,22.834,13.877,22.402,12.374
"Jan 25, 2017",25.712,15.978,24.402,14.704,26.408,16.036,25.615,15.672,23.608,16.876,24.454,16.378,23.937,14.691,24.962,16.555,23.53,16.414,25.189,16.254,26.224,15.62,24.876,16.467,24.945,15.026,25.842,16.582,24.599,14.631,24.471,15.294,26.005,16.454,25.55,14.387,25.674,14.623,25.19,16.019,25.19,16.019,25.734,16.467,24.603,15.268,24.428,17.174,25.175,15.87,24.945,15.695,24.643,15.594,24.325,16.843,24.344,14.875,24.642,14.475,24.969,16.383,23.702,14.424,25.14,15.503,25.208,15.227,24.936,14.593,24.407,14.758,25.851,15.947,24.733,14.841,25.475,15.547,24.797,16.112,26.571,16.106,25.303,16.214,24.492,15.086,24.459,17.067,24.476,14.367,25.646,16.178,25.092,14.447,25.932,14.016,26.118,15.972,24.597,15.999,25.15,14.97,23.79,16.704,23.767,17.399,24.87,16.225,24.873,15.035,24.449,16.654,24.992,15.41,24.95,13.489
"Feb 2, 2017",27.212,16.091,25.489,15.233,27.209,16.027,26.413,15.724,24.551,17.552,24.835,16.312,24.483,15.335,25.061,17.141,24.178,16.489,26.352,15.849,27.779,15.217,25.529,16.854,25.628,15.653,25.22,16.945,24.899,15.34,26.069,15.652,25.204,16.986,24.752,15.606,26.458,14.362,25.539,15.924,25.539,15.924,25.514,16.433,25.472,15.715,25.562,17.803,25.773,15.594,26.652,15.919,25.627,15.133,24.144,17.012,25.281,15.467,26.537,14.539,24.995,16.589,24.153,14.86,25.701,15.437,26.917,15.135,26.014,14.551,26.066,14.995,25.685,15.479,25.455,14.811,25.101,16.506,26.337,15.908,26.107,16.188,25.07,16.432,25.834,15.158,25.489,17.71,24.511,15.645,25.948,16.375,26.911,14.56,25.944,15.064,27.497,15.77,25.07,15.759,26.002,14.556,24.591,16.352,24.745,18.237,25.32,16.782,25.917,15.437,24.643,17.089,25.487,15.772,24.238,14.602
"Feb 10, 2017",27.35,17.468,25.514,16.371,28.826,17.362,26.961,16.188,24.895,18.616,26.641,17.921,24.36,16.305,25.537,18.116,24.843,18.095,27.593,16.988,29.071,17.392,27.01,18.649,25.395,17.199,26.47,18.109,25.771,16.072,25.965,17.022,26.887,18.415,24.684,16.372,27.589,16.004,26.915,17.357,26.915,17.357,26.453,17.142,25.302,17.066,25.675,18.716,27.336,17.616,26.412,17.31,27.389,16.301,25.033,17.659,24.923,16.23,26.324,16.069,26.83,18.11,24.161,15.407,27.004,16.784,27.136,16.79,26.728,16.141,26.054,16.551,26.991,16.196,26.304,16.21,25.06,17.511,26.425,17.215,27.617,17.587,26.405,17.99,25.57,16.37,25.019,18.088,24.091,16.006,27.48,17.596,26.801,16.065,25.899,14.551,28.825,17.822,26.357,17.635,26.981,16.215,26.086,17.313,24.988,19.319,25.007,17.637,25.928,17.115,24.785,17.035,26.265,17.407,24.628,14.314
"Feb 18, 2017",27.411,18.76,27.438,17.718,27.908,18.992,25.653,17.081,26.339,20.114,26.667,19.43,25.885,17.647,25.132,18.545,25.506,19.56,28.158,18.11,28.779,19.335,26.507,20.376,25.997,18.693,25.16,19.199,27.237,17.178,27.731,18.46,26.394,19.72,25.391,18.365,28.329,17.81,26.491,18.543,26.491,18.543,25.812,18.125,25.793,18.37,27.066,19.776,27.789,19.102,28.237,18.521,26.591,17.635,24.317,18.396,26.029,17.751,28.262,17.769,26.322,19.903,25.154,16.84,27.043,18.591,28.55,18.244,27.031,18.155,28.938,18.12,26.639,17.614,26.437,17.979,26.012,18.532,27.495,18.658,26.892,18.892,25.615,18.868,26.521,17.654,24.593,17.933,24.743,17.708,26.93,19.652,28.049,17.838,27.253,16.549,28.744,19.804,26.57,19.047,28.466,17.871,26.104,18.427,26.616,20.654,24.496,17.842,26.261,18.687,23.942,17.365,25.973,18.502,25.649,16.553
"Feb 26, 2017",29.036,18.73,28.778,17.777,30.545,18.283,25.05,17.415,27.011,20.443,28.049,19.924,25.485,18.169,25.647,18.857,26.968,20.268,29.862,17.005,31.066,20.045,28.596,21.188,26.271,18.924,26.25,18.571,28.459,16.948,28.385,17.082,27.608,19.083,25.343,18.291,30.635,17.917,27.522,18.356,27.522,18.356,26.312,17.644,25.436,18.229,28.085,18.64,29.061,19.905,29.394,17.324,29.077,16.76,24.976,18.095,25.609,18.091,29.525,17.353,27.913,20.359,24.816,17.329,29.243,18.717,30.529,17.312,28.956,18.44,29.565,16.785,27.188,16.991,28.386,18.143,26.414,18.129,28.813,18.158,28.9,19.088,26.772,18.749,27.71,17.348,24.517,18.22,24.203,17.646,28.772,19.479,29.672,18.066,26.279,16.914,31.107,20.433,28.181,19.871,30.496,17.696,27.887,17.567,27.123,20.955,24.479,18.613,27.19,18.835,23.894,17.332,26.901,18.535,25.172,16.81
"Mar 6, 2017",26.183,18.699,27.981,17.549,27.158,20.037,25.242,17.385,26.514,20.755,25.942,20.083,26.259,16.277,23.975,18.022,25.013,20.299,27.934,18.935,27.046,20.58,25.802,21.349,26.951,17.523,24.583,18.774,28.01,16.475,28.309,17.53,25.186,19.68,25.432,16.78,27.656,18.205,24.592,18.392,24.592,18.392,25.056,18.08,26.732,16.484,27.664,19.184,25.091,19.983,28.894,18.164,26.275,18.314,23.868,18.136,26.883,15.868,29.488,17.428,25.536,20.387,26.15,15.866,26.813,18.727,29.198,18.522,25.845,18.613,29.564,17.098,26.514,17.747,25.894,18.646,25.73,17.182,27.711,18.967,26.347,19.212,24.841,18.76,27.664,16.863,23.224,17.701,25.268,16.542,25.817,19.893,29.162,17.346,27.226,15.925,26.772,20.925,25.242,20.057,28.652,18.249,26.25,18.761,27.128,21.034,24.863,16.603,27.006,17.574,22.616,17.091,25.644,17.763,26.099,16.125
"Mar 14, 2017",28.147,17.638,28.112,16.633,28.147,18.032,26.35,16.588,27.174,19.946,27.057,18.972,25.407,16.11,26.074,16.904,26.987,19.464,27.589,17.154,28.812,19.538,27.27,20.288,26.086,16.55,25.977,17.05,28.03,16.211,29.23,16.891,26.354,18.171,24.759,15.874,29.925,17.221,27.349,17.346,27.349,17.346,26.352,16.334,26.74,16.101,28.067,18.26,28.665,18.888,29.546,17.332,27.649,16.049,25.329,16.579,25.858,16.198,29.906,16.715,26.396,19.183,25.044,15.677,28.62,17.611,30.396,17.434,27.786,17.65,31.001,16.66,27.078,16.221,27.599,17.33,25.564,16.197,29.124,17.993,27.981,17.908,26.511,17.222,27.956,15.94,24.93,16.372,24.374,15.622,27.427,18.64,29.509,16.949,25.615,15.39,28.475,19.881,27.857,19.087,30.355,17.254,26.762,17.175,27.255,20.459,25.467,15.821,26.725,17.116,25.063,16.057,26.557,17.01,24.546,15.61
"Mar 22, 2017",29.411,21.801,26.548,22.267,28.28,21.491,26.868,19.102,27.298,23.318,28.113,21.866,26.307,20.297,24.245,20.228,27.929,22.604,29.16,19.984,29.459,22.371,27.685,22.551,20.533,21.249,26.787,21.404,26.217,21.215,29.838,23.526,27.329,22.241,18.945,19.814,30.386,22.728,28.556,21.131,28.556,21.131,25.989,20.594,24.529,20.305,28.837,23.728,29.047,21.936,29.881,23.637,27.702,20.239,24.537,19.789,25.379,18.561,29.392,22.429,27.042,21.878,25.305,18.391,30.13,22.084,31.125,23.353,27.842,21.686,31.24,22.819,26.962,19.861,28.603,21.871,23.471,20.918,29.587,22.651,29.159,22.048,27.608,20.657,28.47,22.135,25.349,19.214,18.671,18.405,28.044,21.931,30.077,22.219,26.68,19.364,29.065,22.646,28.256,22.097,29.979,22.63,27.52,20.41,27.647,23.672,24.185,19.74,24.218,21.612,25.135,19.576,24.274,21.379,25.232,19.4
"Mar 30, 2017",28.974,20.086,30.802,22.658,27.253,21.975,22.907,17.624,27.647,22.259,27.801,22.93,16.172,19.957,27.139,21.177,27.442,22.312,26.228,21.218,27.112,22.936,27.636,22.983,27.409,22.266,27.126,20.01,30.248,22.723,31.511,23.102,27.515,21.018,26.676,20.286,29.752,22.101,28.494,18.696,28.494,18.696,26.565,19.352,26.435,22.066,29.871,22.409,28.372,23.085,31.261,22.784,28.438,21.821,25.961,19.721,15.376,18.809,31.835,22.775,27.909,22.994,23.328,18.694,28.16,22.611,31.042,22.999,27.545,21.804,32.564,23.465,23.914,18.097,27.832,20.036,27.806,21.65,31.103,22.471,28.572,20.077,27.412,18.774,30.794,22.126,26.064,18.389,23.006,19.472,28.386,22.417,31.121,22.418,25.511,20.246,27.867,23.061,28.813,22.743,31.622,23.106,27.246,21.68,28.043,21.968,26.372,21.012,27.673,22.371,24.32,17.556,28.111,22.234,24.463,20.003
"Apr 7, 2017",30.206,24.05,32.507,22.597,30.412,24.388,26.659,23.544,29.625,23.915,27.879,23.353,27.831,21.253,28.488,22.838,28.602,23.564,31.428,23.451,29.41,23.423,27.903,24.247,29.395,22.105,28.387,23.562,31.707,21.679,33.003,22.497,28.722,23.572,27.972,20.465,33.444,23.389,30.239,23.483,30.239,23.483,27.967,24.261,29.685,21.96,31.243,22.836,28.558,23.401,33.07,22.612,30.638,23.123,27.418,23.339,27.526,20.807,33.969,22.694,28.06,23.818,28.119,19.873,30.355,23.771,34.148,23.096,29.67,23.137,34.061,22.598,28.441,23.351,29.401,23.652,29.131,21.883,33.357,23.017,29.848,23.986,28.795,23.086,33.038,22.334,26.777,22.786,27.471,19.406,28.874,23.849,33.253,22.595,30.135,19.656,28.832,23.884,28.574,23.119,34.268,23.221,30.472,23.496,29.709,24.153,27.913,22.043,29.804,22.256,25.662,23.967,29.984,22.847,30.245,19.551
"Apr 15, 2017",31.536,25.019,28.857,19.535,30.314,23.045,29.73,23.529,29.512,23.594,28.905,23.82,27.741,20.301,29.265,21.533,29.025,24.039,31.214,21.879,30.807,24.031,28.439,24.818,28.15,20.297,29.554,22.699,30.298,18.291,32.258,21.69,28.512,22.973,27.506,18.947,32.845,25.102,31.195,23.691,31.195,23.691,29.308,22.868,28.722,20.993,29.706,23.063,29.221,24.25,31.138,21.87,31.596,22.008,28.309,22.881,28.134,20.474,32.309,21.643,28.527,24.895,28.848,19.487,31.051,24.98,32.067,22.8,30.179,23.929,33.196,21.855,29.851,22.853,30.457,24.813,28.174,18.968,31.162,24.048,31.161,25.026,29.52,22.861,30.288,20.075,28.603,21.973,28.601,18.938,29.622,23.708,31.742,21.304,30.736,19.368,30.062,23.854,29.051,24.093,33.159,23.247,30.783,22.533,29.896,23.731,28.436,21.327,28.864,20.235,27.848,23.289,29.316,20.331,29.212,18.813
"Apr 23, 2017",29.651,22.36,29.896,23.851,29.027,23.192,24.721,21.582,28.547,22.809,27.846,22.253,30.01,22.174,26.365,22.142,28.119,22.708,28.423,22.402,29.306,23.222,27.637,23.582,28.896,23.463,28.039,21.363,31.317,24.118,30.121,22.821,28.67,21.241,29.619,22.679,29.125,22.086,29.105,22.11,29.105,22.11,26.888,20.77,27.959,22.642,29.198,22.037,27.532,22.895,29.02,21.663,28.618,21.25,25.286,22.071,27.584,21.902,29.782,22.59,28.071,22.17,29.48,22.191,28.025,21.747,27.965,21.067,28.211,21.856,30.54,23.344,26.13,17.044,28.638,22.394,29.145,23.165,28.517,21.622,29.254,20.893,28.287,20.179,29.545,23.625,24.712,21.246,30.07,22.423,28.211,22.78,28.584,22.979,32.242,21.717,28.479,23.583,28.195,22.479,27.698,22.451,27.388,22.081,29.206,23.405,27.06,24.056,27.813,23.064,24.731,22.665,27.986,22.295,30.026,22.019
"May 1, 2017",28.284,23.978,28.833,22.768,30.231,23.486,27.72,23.767,28.247,25.126,27.722,25.076,25.698,22.142,26.973,24.382,28.148,24.994,30.047,21.769,29.189,24.69,27.314,24.988,27.642,23.218,26.642,24.059,29.521,22.867,29.185,22.619,27.53,24.361,27.129,21.885,28.084,24.496,27.872,24.656,27.872,24.656,26.613,24.062,27.062,23.299,28.232,24.041,28.421,25.078,28.203,23.485,28.725,22.366,26.285,24.659,26.034,20.956,28.684,22.098,27.714,25.241,26.711,21.475,27.561,24.642,27.785,24.138,27.186,23.725,29.326,21.975,27.763,24.054,28.091,24.223,28.616,22.744,28.419,24.68,29.265,23.898,27.2,24.242,28.42,22.759,26.192,24.249,27.369,21.367,28.656,24.878,27.893,23.037,28.48,21.467,28.681,24.62,28.127,25.002,27.432,23.469,29.026,22.706,28.827,25.417,26.989,23.784,26.951,23.682,25.936,24.376,27.013,23.983,28.956,22.564
"May 9, 2017",29.855,20.03,29.87,22.372,31.701,21.559,28.351,22.691,30.558,22.454,29.136,22.13,28.28,18.407,27.99,20.657,30.016,22.068,31.716,20.463,31.054,21.439,28.409,21.605,28.855,21.911,29.675,22.298,30.773,22.833,30.816,25.133,30.972,20.979,28.789,20.878,28.543,21.121,28.747,20.214,28.747,20.214,27.189,22.473,28.789,21.279,31.423,22.444,29.03,21.37,30.353,24.807,30.686,19.956,25.339,21.9,28.961,20.968,31.057,23.422,29.125,21.775,29.574,17.587,29.424,22.081,29.42,21.895,28.471,20.257,31.314,24.179,27.614,20.942,29.419,21.494,29.175,22.217,30.49,21.91,30.184,21.846,28.425,21.55,29.91,22.399,26.445,21.493,29.522,17.94,30.715,22.778,30.047,21.871,30.064,20.536,29.968,22.014,29.803,21.172,28.647,22.537,29.97,21.059,30.728,22.998,29.171,19.431,28.564,20.674,24.381,23.254,28.476,19.871,28.147,20.99
"May 17, 2017",28.913,25.018,29.345,24.109,28.638,23.41,26.459,22.15,31.113,24.739,28.607,24.978,28.697,20.722,28.103,23.72,30.288,24.908,29.521,22.228,31.472,24.999,28.572,25.381,28.537,22.779,27.788,24.231,31.676,23.166,30.015,24.534,28.163,24.063,29.528,21.734,28.713,24.951,28.001,24.873,28.001,24.873,26.858,23.997,27.808,23.456,30.618,25.083,30.833,24.752,29.648,24.663,27.358,22.306,26.787,23.861,28.889,20.234,29.279,23.872,27.651,25.65,30.118,20.242,28.727,24.397,29.107,24.758,28.31,24.858,29.931,23.29,26.81,23.311,27.998,24.93,31.115,23.845,29.385,24.975,28.057,24.734,27.541,23.802,28.319,24.392,26.539,23.332,29.703,21.214,29.037,25.183,28.311,24.708,30.409,21.397,30.171,25.11,30.537,24.881,28.56,25.075,27.578,22.178,31.346,24.891,27.658,23.447,27.464,24.843,26.26,22.444,28.42,24.427,30.644,23.27
"May 25, 2017",31.304,26.23,31.198,25.463,32.257,24.564,31.133,26.745,31.163,26.854,30.725,26.556,31.52,24.974,29.872,26.938,31.019,26.49,31.455,21.701,32.191,26.747,30.472,26.555,30.83,26.096,31.76,26.868,31.557,24.673,32.355,25.62,32.525,26.413,31.385,23.57,29.436,25.969,30.355,26.211,30.355,26.211,31.334,26.438,30.724,26.778,32.137,26.943,30.476,26.816,32.18,26.585,31.871,23.408,29.509,26.875,30.217,25.666,30.456,24.868,31.099,26.271,31.47,24.461,30.98,26.413,29.656,26.634,29.241,25.876,31.375,25.176,31.418,25.376,30.829,26.569,31.339,24.982,31.334,26.78,31.983,26.553,30.975,25.906,31.793,24.425,29.688,27.109,31.228,24.11,32.374,26.207,30.557,25.067,30.449,23.571,31.499,26.82,31.15,26.439,29.071,25.158,30.8,23.48,31.64,27.139,30.535,26.847,30.699,26.728,29.775,27.257,30.168,26.159,30.746,23.668
"Jun 2, 2017",30.535,26.61,28.877,23.783,29.073,24.166,30.604,24.311,28.86,26.408,29.141,25.67,31.989,24.053,31.14,25.662,28.242,26.161,28.21,22.518,29.46,26.137,27.253,25.582,30.969,22.706,29.901,26.136,31.655,22.442,28.821,23.956,29.906,24.393,32.693,24.637,29.554,25.594,29.596,26.477,29.596,26.477,29.595,22.588,30.341,22.745,29.718,25.271,29.129,25.233,29.639,21.656,28.065,22.827,27.662,26.06,29.489,23.74,28.559,17.211,28.063,24.2,32.519,24.57,29.816,26.451,30.317,25.248,29.027,25.584,29.761,23.637,30.483,18.778,30.058,26.494,31.413,23.934,30.462,26.479,29.493,26.614,29.66,27.038,28.204,20.66,29.62,24.855,32.844,24.477,28.898,24.711,29.927,19.359,33.396,24.216,28.624,25.974,28.814,25.918,28.503,24.429,26.922,21.373,29.027,26.521,31.644,23.524,30.418,20.762,28.721,24.978,30.08,25.607,30.684,24.744
"Jun 10, 2017",28.25,,30.987,26.549,30.764,25.256,26.84,22.67,27.003,26.077,26.852,25.801,29.848,26.355,22.795,,27.548,25.533,,,,26.07,25.654,25.547,,26.26,26.968,,31.097,26.415,28.811,,26.739,25.702,25.985,25.659,27.923,,,,,,26.557,,23.657,,27.573,,,26.27,28.162,,26.196,23.512,24.75,,28.621,26.668,29.509,,23.79,25.532,30.78,26.808,25.701,24.381,28.81,,26.503,,30.844,26.297,28.23,,26.203,25.251,32.088,26.248,28.149,,27.152,,26.298,,27.94,,24.72,,30.759,26.778,,25.56,26.065,,25.37,26.2,26.372,26.017,,25.52,27.364,,31.154,24.249,,26.604,26.406,,23.464,,24.852,,23.401,,24.994,25.883
"Jun 18, 2017",28.834,,29.707,,27.931,,27.36,26.667,29.437,,27.733,,4.798,,28.664,,28.74,,27.035,,27.439,,24.401,,26.584,,27.083,26.83,30.938,,28.87,,26.061,26.855,3.206,,27.884,,28.929,,28.929,,25.745,27.162,26.625,,30.424,,27.51,,30.157,,27.183,,26.018,26.156,25.042,,29.623,,24.049,,27.657,,27.304,,27.697,,28.101,,28.689,,28.254,26.774,27.672,,27.89,,27.713,,28.244,,28.265,,29.734,,22.658,25.848,28.647,,27.033,,29.382,,30.703,,28.488,25.336,27.761,,28.106,,27.688,,29.627,,26.679,,27.139,,25.411,26.554,26.909,,,
"Jun 26, 2017",26.35,,28.657,25.02,29.82,,,,26.507,,27.939,,28.457,,,,28.166,,27.692,,28.356,,26.987,,23.439,,26.798,,29.615,25.222,23.653,,29.319,,29.635,25.165,26.974,,27.949,,27.949,,,,26.494,,21.821,,28.023,,28.094,,27.75,,25.784,,27.018,,25.323,,26.245,,29.021,,28.45,,24.388,,24.731,,22.586,,,,25.209,,28.385,,26.691,,26.554,,28,,28.221,,,,28.816,,28.59,,25.053,,,,28.429,,28.19,,24.974,,28.957,,26.888,,,,27.075,,,,28.402,,,24.872
"Jul 4, 2017",,,,,24.91,23.522,27.362,,,,26.418,,,,,,24.749,,25.843,,,,10.634,,,,,,,,,,,,,,,,,,,,,,,,,,,,,,25.857,,,,,,,,,,4.518,,25.378,,,,,,,,,,,,,,25.74,,,,,,,,,20.833,3.84,,12.588,,23.098,,,,0.346,,,,,,26.453,22.368,,,,,,,,,,,-14.384,
"Jul 12, 2017",28.814,,32.293,26.012,27.795,25.236,29.752,26.762,26.075,25.664,23.957,25.482,34.217,27.21,30.018,25.452,26.61,25.897,27.614,23.774,27.326,25.349,26.446,24.978,30.799,26.408,28.252,26.083,32.333,25.936,26.196,25.265,27.994,26.135,34.559,27.071,25.807,25.613,28.629,25.967,28.629,25.967,28.865,26.529,25.865,26.224,27.287,25.487,27.1,25.504,27.004,25.352,26.613,,27.339,25.702,29.063,26.938,27.934,25.335,26.866,25.397,34.514,26.914,25.396,25.94,26.616,25.519,24.675,,28.894,25.262,29.135,26.141,27.924,,33.964,26.797,28.617,25.788,30.413,26.38,29.175,25.794,30.836,26.439,29.118,,34.461,27.155,27.376,25.495,25.882,26.334,35.716,27.155,26.626,24.734,27.515,25.373,26.639,25.529,24.914,,26.603,25.347,28.23,25.496,26.55,26.514,28.187,26.75,28.374,,34.857,26.926
"Jul 20, 2017",30.205,,,,26.845,,28.431,,,,,,29.421,,26.257,,24.597,,,,,,24.978,,24.685,,26.215,,24.951,,,,,,,,27.607,,26.09,,26.09,,29.244,,26.203,,,,,,,,27.752,,23.592,,28.015,17.41,9.38,,24.748,,27.096,,27.809,,,,27.763,,,,29.683,,28.105,,29.456,,,,29.25,,24.636,,28.912,,25.998,,27.35,,26.419,,28.257,,,,,,25.31,,,,26.673,,,,28.025,,26.085,,26.638,,23.626,,,
"Jul 28, 2017",29.975,26.09,,25.439,28.121,25.664,,26.561,26.129,26.438,25.71,25.657,,26.281,23.149,25.818,27.888,26.306,30.338,24.01,,26.322,24.802,26.138,,25.449,27.72,26.026,,25.5,27.12,25.358,28.618,26.14,23.135,26.125,22.532,26.346,28.715,25.578,28.715,25.578,24.147,24.246,25.093,25.396,28.088,25.957,29.503,25.7,30.614,25.864,29.069,,26.418,25.975,24.907,25.951,27.811,25.305,25.927,25.806,10.915,26.128,28.674,26.319,21.15,25.951,27.686,26.483,27.337,25.159,,,28.675,26.022,23.792,25.822,15.686,26.885,29.611,26.132,25.915,25.814,,25.912,24.981,,23.712,26.297,27.135,26.186,27.943,26.162,,26.103,29.077,26.386,29.05,25.936,26.097,25.974,28.913,,25.971,24.853,,25.008,26.286,26.192,22.4,25.972,27.649,26.295,,25.9
"Aug 5, 2017",22.13,,28.516,26.072,,23.448,,,24.308,,,26.074,,23.829,,,23.791,,26.742,,26.938,,,24.23,,,25.602,,27.98,25.825,28.868,,,,,26.509,21.806,,,,,,25.741,,21.866,,,,,,,,,,25.705,,24.1,24.467,26.961,,,,15.699,24.057,,,,,26.906,,29.369,,27.709,,25.256,,,,,,,,26.377,,26.817,26.042,27.076,,13.951,24.806,,,23.9,,,,27.843,,,,24.53,,24.831,,25.313,,,,24.624,,26.281,,24.098,,,26.581
"Aug 13, 2017",23.27,,27.951,25.923,26.068,,24.568,,25.209,25.128,26.752,,,,,,23.733,23.982,27.195,,23.356,23.448,24.843,23.121,,26.561,24.678,,28.772,,28.202,25.399,25.077,,,26.242,22.581,,25.4,,25.4,,24.516,,,,28.344,26.137,27.084,,28.534,,26.588,,23.294,,21.484,24.774,27.351,25.957,22.379,,21.55,26.023,26.661,,,,22.741,,30.223,25.561,25.563,,24.919,,27.097,26.599,,26.199,25.739,,26.394,,28.409,26.181,20.799,,,26.191,26.698,22.697,27.638,26.179,,26.24,26.452,22.625,23.295,,21.532,,25.773,18.984,25.857,25.791,,,,25.971,19.786,,,26.665,,26.048
"Aug 21, 2017",24.715,,27.961,,29.058,,29.72,,28.796,24.489,29.197,,31.192,26.464,28.143,,28.689,23.601,27.493,,28.821,22.17,28.333,,22.227,,27.363,,28.506,,26.345,,30.042,,27.944,26.226,30.169,,25.367,,25.367,,28.227,,24.526,26.533,30.715,26.387,30.019,,30,25.368,28.563,,25.829,,27.767,23.437,25.211,,28.102,,30.523,25.475,28.386,,30.704,,21.47,,28.141,,28.336,,28.228,,28.144,26.577,30.663,,26.126,,24.645,,28.143,,24.65,,30.317,25.102,29.448,,23.201,,,26.34,29.85,,29.484,,27.55,,27.771,,28.884,26.074,,,21.798,,27.768,,25.31,,28.6,26.056
"Aug 29, 2017",30.1,,30.543,25.653,30.441,24.404,,25.64,27.552,22.303,29.459,,29.309,25.489,29.259,26.236,27.924,,27.997,20.518,28.935,22.612,25.29,23,30.867,26.03,21.371,25.854,31.063,25.291,30.8,,,,29.246,25.385,30.023,,28.66,,28.66,,24.061,25.478,29.829,25.407,30.418,25.868,29.469,,30.767,25.562,25.796,,25.574,26.367,26.745,24.83,30.682,25.661,,,28.572,24.882,29.883,,31.141,,29.646,,29.395,,,26.02,27.524,,30.871,25.903,29.912,26.28,27.741,,,,30.795,26.352,25.627,26.212,29.086,25.113,26.728,22.562,30.492,,29.283,25.738,28.741,22.192,,,30.405,,26.934,19.716,28.832,25.487,29.575,26.07,31.278,26.449,23.006,23.617,30.62,26.201,29.006,25.38
"Sep 6, 2017",30.276,23.23,28.36,25.768,27.359,20.858,24.414,,30.439,25.819,29.611,26.466,29.786,24.934,28.874,25.413,29.87,26.755,25.757,,29.967,25.796,27.687,25.692,29.011,25.592,28.371,,28.878,25.555,30.821,,29.654,,30.54,24.361,29.693,24.127,29.446,24.617,29.446,24.617,27.705,,29.145,25.545,29.701,26.236,31.098,26.4,29.963,24.498,27.842,,26.858,24.683,29.022,25.087,29.544,,28.874,26.046,29.241,24.717,30.207,26.622,30.08,24.331,29.333,24.135,29.795,,27.008,,28.874,22.497,28.92,25.942,30.496,25.648,28.999,,29.227,,29.075,24.87,28.724,25.501,29.732,,27.591,22.225,29.516,21.399,29.532,,29.035,26.33,30.17,26.361,29.712,24.187,26.099,19.774,29.628,26.75,28.633,25.402,28.915,24.377,26.879,25.448,29.501,25.008,30.217,24.441
"Sep 14, 2017",24.489,27.39,28.618,28.122,28.26,22.202,28.628,23.256,26.352,25.474,25.086,25.393,28.043,27.946,28.474,26.791,26.133,25.242,28.596,19.237,25.943,25.748,26.22,23.972,27.744,27.338,29.278,26.038,28.56,27.826,28.593,26.605,30.033,25.749,28.408,26.772,27.361,26.96,28.185,26.456,28.185,26.456,28.317,25.688,28.314,27.639,28.23,27.345,26.593,25.415,28.317,26.981,28.525,,26.866,25.811,28.161,27.219,28.393,27.095,27.424,24.926,28.089,27.51,27.36,26.009,27.932,27.715,26.062,27.463,29.555,27.172,28.66,,26.98,,28.716,28.329,27.586,27.86,28.881,,27.473,25.385,28.598,27.9,28.739,28.315,28.412,26.79,27.912,23.905,28.101,28.053,28.033,26.716,25.83,25.592,26.885,25.49,28.071,27.855,27.18,18.473,27.057,25.966,28.94,27.58,27.701,27.486,28.441,28.122,27.916,27.431,28.571,26.852
"Sep 22, 2017",30.023,27.55,29.152,26.73,28.923,25.945,29.475,26.82,28.54,26.888,28.053,26.636,28.245,26.161,29.421,26.905,28.284,26.799,27.824,21.244,28.653,25.862,27.739,26.178,28.932,26.874,30.082,27.621,29.427,26.457,30.126,26.731,29.727,27.218,28.163,26.227,29.196,27.565,29.109,26.994,29.109,26.994,29.709,27.19,29.256,27.027,29.104,26.928,28.412,25.982,29.634,26.598,27.768,24.419,28.311,27.731,27.935,26.346,28.926,26.475,27.885,26.409,28.175,25.553,29.552,27.294,29.16,27.051,28.643,27.714,29.235,26.573,28.907,26.362,28.833,27.138,29.346,26.915,29.604,27.371,29.913,27.259,29.071,27.062,28.748,26.965,28.089,27.344,28.118,25.647,28.322,26.817,28.356,27.484,29.054,25.714,28.397,26.456,28.996,25.962,27.176,27.218,26.994,23.889,28.641,27.384,28.809,26.798,28.948,27.401,27.393,27.26,29.431,27.263,28.107,25.492
"Sep 30, 2017",30.524,,29.43,25.857,28.62,26.385,30.918,27.68,28.147,25.868,26.16,26.492,29.009,25.348,29.913,27.072,27.638,26.062,28.395,23.793,25.317,26.571,24.58,26.698,29.457,26.009,28.695,27.719,28.694,25.561,30.793,25.913,29.623,27.34,29.088,25.384,29.644,25.825,29.211,25.921,29.211,25.921,29.869,27.656,30.027,26.637,29.59,25.951,25.447,26.515,29.692,25.844,28.357,25.293,28.183,28.545,28.858,25.654,29.346,26.008,24.713,26.884,28.849,25.2,28.905,25.292,29.508,25.849,29.61,,30.184,25.807,30.344,27.282,28.781,,28.684,25.855,29.998,25.806,29.914,25.374,28.817,26.616,29.536,26.702,29.974,27.996,29.056,24.963,27.734,27.121,29.702,27.02,29.152,25.356,25.381,26.791,27.93,26.374,29.55,25.187,27.928,25.082,27.709,26.042,30.017,26.616,29.249,26.799,29.469,28.323,29.966,26.776,28.912,25.006
"Oct 8, 2017",29.585,25.65,29.892,25.215,28.283,23.656,29.682,25.618,27.653,24.66,27.26,24.681,28.955,24.103,28.64,25.613,27.231,24.567,27.335,21.398,27.187,24.887,27.036,25.081,28.818,24.148,29.39,25.686,30.079,24.631,30.417,24.869,29.354,25.231,29.126,24.354,28.959,25.194,28.661,25.341,28.661,25.341,29.103,25.287,28.801,25.03,28.444,24.912,26.932,23.951,28.863,24.689,28.23,22.627,28.576,26.399,28.315,24.044,29.246,24.751,27.259,24.986,28.384,24.105,28.574,24.862,28.886,24.699,29.139,25.79,30.613,24.844,29.227,24.794,28.92,25.348,29.573,24.657,29.037,25.002,30.048,25.291,29.243,25.164,29.681,25.968,28.963,26.029,28.739,24.368,27.541,24.724,29.599,25.854,28.35,24.36,27.276,25.084,27.129,24.308,29.196,25.399,27.131,22.866,28.164,24.95,28.638,24.649,28.887,25.438,28.5,26.553,28.901,25.746,29.095,23.858
"Oct 16, 2017",30.968,24.99,28.725,23.633,28.067,23.314,30.223,24.711,28.11,25.431,26.844,25.009,29.292,23.453,28.753,25.017,27.135,24.976,26.744,21.96,25.807,24.906,26.196,25.174,28.128,23.805,30.293,24.703,28.777,23.054,29.931,24.334,30.282,24.896,28.65,23.101,29.431,25.058,30.56,24.359,30.56,24.359,30.626,24.296,27.894,25.316,28.935,25.194,26.369,24.936,29.216,24.311,28.498,22.53,28.815,25.348,28.284,24.049,28.983,23.987,27.895,24.966,28.652,23.81,28.099,25.157,28.93,24.809,30.506,25.091,29.722,23.816,30.354,23.856,29.068,24.984,27.756,23.41,28.599,25.81,28.973,24.912,30.686,24.284,28.531,24.138,28.689,25.632,28.818,23.349,27.954,24.632,29.219,25.104,29.258,23.615,25.553,25.179,26.692,24.726,30.309,24.905,26.443,22.739,28.581,25.776,28.235,25.289,28.542,24.682,28.845,25.624,28.924,24.909,28.672,23.219
"Oct 24, 2017",28.284,21.699,27.813,22.391,27.802,22.38,26.773,22.287,26.859,22.531,26.58,23.042,27.378,21.059,27.611,21.221,26.601,22.683,27.57,21.774,25.982,22.958,26.717,23.512,26.868,21.628,27.486,23.208,26.751,21.762,28.247,22.113,27.854,23.706,26.658,20.915,27.79,22.609,27.811,21.302,27.811,21.302,27.388,22.395,27.207,22.019,27.14,22.544,26.579,22.403,27.24,22.139,26.59,20.954,26.518,22.76,25.589,21.616,27.655,21.609,26.812,23.331,26.071,20.787,28.147,22.572,27.502,22.624,27.773,21.862,28.297,21.801,26.783,22.202,27.994,22.349,26.846,21.825,28.058,23.531,28.604,22.175,27.538,21.566,27.596,22.949,27.147,21.694,26.085,20.82,27.35,23.502,27.713,22.974,26.432,20.183,26.438,23.242,26.468,22.649,27.422,22.231,26.169,21.989,26.887,22.532,27.485,21.986,27.503,22.581,26.236,22.742,27.891,21.861,26.496,20.502
"Nov 1, 2017",29.917,22.762,28.868,21.903,28.68,22.524,27.901,22.166,26.965,23.683,27.564,22.996,27.684,20.108,28.61,21.578,26.932,23.104,27.98,21.427,27.134,22.815,27.122,23.352,28.596,21.06,28.661,22.801,28.322,20.977,30.182,21.226,28.933,23.097,27.903,19.675,28.934,22.348,28.935,22.208,28.935,22.208,28.08,22.301,28.881,21.48,28.524,22.584,27.485,22.568,29.023,21.221,27.889,21.425,27.256,23.469,26.613,20.974,29.242,21.316,27.574,22.956,27.708,19.717,29.528,22.567,28.918,21.865,28.931,22.307,29.858,21.194,27.505,21.899,29.334,22.649,28.398,21.058,28.676,23.247,30.007,22.774,28.694,22.057,28.758,22.478,28.297,22.646,27.571,19.472,28.217,23.154,29.039,22.568,27.574,19.175,27.161,23.04,27.268,22.703,29.045,22.124,27.134,22.103,27.247,23.994,29.036,21.264,28.554,21.936,27.044,23.727,28.689,21.895,27.887,19.044
"Nov 9, 2017",28.968,21.05,28.217,20.651,28.938,20.531,27.87,21.622,26.735,21.85,27.043,21.243,26.891,19.681,28.347,21.102,26.544,21.465,27.493,20.373,27.009,21.495,27.002,21.81,28.12,19.89,28.653,21.346,27.818,19.577,28.83,19.023,28.468,21.27,27.279,18.876,28.436,20.611,27.795,21.051,27.795,21.051,28.067,22.123,28.011,20.463,27.952,20.003,26.986,20.686,28.672,18.762,28.249,19.402,26.907,22.948,26.138,20.64,27.964,19.105,27.102,21.608,27.654,19.328,28.564,20.378,28.607,19.37,28.4,20.818,28.174,18.863,27.024,21.697,28.375,21.741,28.133,19.723,28.075,20.858,29.022,21.461,27.998,20.438,27.257,21.215,28.136,22.144,27.769,19.029,27.951,21.422,27.726,20.973,27.603,18.218,27.266,21.307,26.862,21.2,28.023,20.723,27.239,20.733,26.991,22.281,28.493,20.392,26.852,20.874,27.081,23.228,27.451,20.752,28.315,18.349
"Nov 17, 2017",26.799,18.95,27.194,17.567,27.11,20.667,26.752,20.848,24.922,20.154,25.362,19.51,27.038,17.745,26.934,19.418,24.728,19.685,26.33,20.474,25.222,18.611,25.492,19.984,27.384,17.378,27.279,20.075,27.052,16.444,26.558,17.26,26.865,19.866,27.017,17.087,26.453,18.137,26.249,19.115,26.249,19.115,27.484,20.515,26.857,18.413,26.471,18.83,25.104,18.144,26.928,17.335,26.299,19.613,26.434,20.69,26.495,18.816,26.721,17.115,25.687,19.854,27.399,18.11,26.757,18.772,27.211,17.618,26.25,18.331,26.656,16.968,27.162,20.478,26.454,19.329,27.49,16.88,26.894,19.317,27.028,19.59,26.683,19.583,26.535,18.351,26.814,21.041,26.989,17.55,26.083,20.075,26.632,18.111,27.083,17.359,25.635,19.304,24.822,18.676,26.651,18.16,25.417,20.899,25.312,20.297,27.592,18.846,26.016,18.232,25.929,22.366,26.361,18.441,27.035,16.624
"Nov 25, 2017",26.583,17.482,25.666,16.456,26.463,17.348,25.59,18.414,24.147,18.359,24.725,17.71,25.861,16.638,26.18,18.06,24.026,17.744,24.974,17.054,24.869,16.826,24.803,18.708,26.164,16.738,26.691,18.32,25.141,15.211,26.094,15.278,26.286,18.478,25.836,15.974,26.219,16.176,26.043,17.767,26.043,17.767,26.208,18.33,25.576,17.099,25.551,16.685,24.601,16.311,26.201,15.438,24.942,16.034,25.794,19.218,25.22,17.209,25.948,15.762,24.903,18.532,26.258,16.643,26.329,16.619,26.573,15.641,25.955,16.87,26.026,15.442,25.241,17.982,26.319,17.507,25.87,16.451,25.727,17.223,27.114,18.16,26.527,18.074,25.644,17.186,25.936,18.982,26.126,16.391,25.599,18.512,25.869,16.722,26.281,16.216,25.046,17.556,24.553,16.788,25.955,16.494,24.118,17.752,24.441,18.555,26.105,17.598,25.283,17.007,24.991,20.302,25.559,17.071,26.493,15.638
"Dec 3, 2017",25.519,16.52,24.14,15.526,24.089,15.879,23.85,16.385,23.463,18.624,23.889,17.253,25.173,13.8,24.948,16.362,23.288,17.476,22.726,16.152,23.155,15.881,23.733,17.626,25.529,15.006,24.465,16.03,24.933,15.1,24.54,13.418,23.453,16.131,25.676,14.23,25.484,15.552,24.021,15.976,24.021,15.976,24.81,16.076,24.827,15.106,24.468,16.974,23.731,16.154,24.852,14.67,22.775,14.443,24.738,16.715,24.414,14.874,24.348,14.118,23.855,17.349,25.112,14.877,25.066,15.728,25.314,14.933,25.401,15.933,23.971,15.308,23.338,15.92,24.204,15.909,25.26,15.551,24.979,16.027,24.619,16.097,24.203,15.798,24.057,14.338,24.924,16.972,24.63,15.192,24.037,16.793,24.897,14.221,24.623,15.769,22.919,16.766,23.638,16.251,25.211,15.399,21.701,16.096,23.708,19.28,25.087,16.107,25.068,14.758,23.684,18.637,24.752,15.647,25.762,15.198
"Dec 11, 2017",24.979,16.803,24.448,15.99,25.176,16.714,23.787,17.932,23.803,18.478,23.943,17.518,25.631,15.163,24.524,17.677,23.944,17.855,23.942,16.384,24.735,16.826,24.245,18.23,24.361,15.587,24.439,17.823,24.614,14.552,24.402,17.215,24.435,17.91,26.687,14.263,24.994,16.92,24.395,16.626,24.395,16.626,24.385,17.943,24.403,15.723,24.675,17.638,24.081,16.254,24.882,17.071,24.064,15.902,22.823,18.457,24.34,15.762,24.395,16.493,23.832,17.934,26.122,15.911,24.376,16.683,25.259,16.589,24.331,16.579,24.537,16.769,23.595,17.405,24.384,16.922,25.156,15.088,25.185,17.565,24.561,16.876,24.199,17.105,24.297,16.527,24.332,18.101,26.264,15.269,24.274,17.795,24.505,16.639,26.626,15.875,24.7,17.593,24.235,16.786,24.778,16.914,23.176,17.373,24.231,18.914,24.546,16.295,24.013,16.432,23.449,19.005,24.525,16.38,27.847,14.156
"Dec 19, 2017",24.299,14.907,23.358,15.335,24.823,16.902,23.899,16.814,22.654,16.51,23.501,15.901,24.69,15.269,23.645,15.858,22.407,16.054,23.807,16.585,23.466,15.425,23.647,17.406,23.909,14.812,24.958,16.845,23.716,14.937,22.788,14.549,24.224,17.001,24.845,14.857,23.931,14.153,23.466,15.522,23.466,15.522,24.67,17.681,23.548,14.857,22.855,15.018,23.611,14.545,23.128,13.96,23.339,15.594,23.877,17.401,23.971,15.268,23.421,14.579,23.488,17.146,24.429,15.235,24.158,14.58,23.821,13.776,23.516,14.405,22.925,14.952,23.617,16.802,24.326,14.844,23.975,15.357,23.555,15.113,24.851,15.298,24.267,15.696,23.686,15.243,24.185,16.905,24.236,15.433,24.106,17.442,23.811,14.615,24.209,15.484,23.713,16.27,23.165,15.193,23.474,14.449,22.923,16.968,22.559,16.687,23.825,15.49,23.539,15.008,23.593,18.593,23.412,14.774,24.736,14.967
"Dec 27, 2017",24.98,16.33,22.935,14.847,26.231,16.826,24.974,16.991,22.474,16.619,23.698,16.006,23.974,14.504,24.74,16.227,22.551,16.291,24.9,17.143,24.232,16.122,23.459,18.28,23.493,14.53,25.128,17.069,23.165,13.872,23.644,14.072,24.718,17.526,23.983,13.947,24.651,15.213,24.36,16.798,24.36,16.798,25.061,17.387,24.144,14.74,23.596,15.791,23.952,14.608,24.101,14.51,24.514,16.081,24.424,17.522,23.802,14.6,23.801,14.075,23.726,18.297,24.463,14.094,24.475,15.828,24.321,14.697,23.877,15.249,23.843,14.148,24.326,17.276,24.994,15.992,23.712,14.535,23.739,16.495,25.208,16.878,24.687,16.559,23.539,14.695,25.031,16.931,23.897,14.256,24.264,18.242,23.942,14.285,24.602,14.063,24.163,17.26,23.532,15.116,23.868,14.875,23.636,17.509,22.587,16.755,24.742,15.536,23.64,14.333,24.393,18.129,23.992,14.751,24.103,13.9
"Jan 1, 2018",22.483,11.65,19.711,11.075,22.716,14.464,22.452,15.344,20.11,14.206,20.615,13.712,20.839,11.395,22.905,12.508,19.735,13.649,21.459,14.418,21.613,12.913,21.293,15.11,20.116,11.014,21.82,14.118,19.34,9.978,20.719,10.626,21.185,13.936,20.723,10.389,21.194,11.031,22.009,12.406,22.009,12.406,21.503,14.222,22.025,11.137,20.684,12.678,21.187,12.262,20.889,11.103,21.116,13.652,23.504,13.907,21.931,12.077,21.372,10.965,20.82,14.452,21.71,11.777,20.786,12.104,21.023,11.289,21.474,10.7,21.547,11.192,20.101,14.615,20.96,12.159,18.772,10.562,20.8,12.815,21.625,12.991,21.827,12.955,19.931,11.604,24.082,13.705,20.816,11.685,21.388,14.651,20.992,10.854,20.737,11.055,21.658,13.695,20.745,12.875,21.201,11.139,20.502,15.119,20.323,14.48,23.248,11.589,20.728,10.893,22.454,15.946,21.56,10.771,19.487,10.075
"Jan 9, 2018",20.263,11.581,18.33,10.596,21.261,12.933,20.919,13.892,19.172,13.361,19.712,12.713,18.267,10.047,19.485,12.719,19.064,12.797,20.099,12.122,20.721,12.441,20.129,13.975,18.413,10.293,20.76,13.097,17.918,9.929,19.731,10.484,20.312,13.351,,9.464,19.751,10.558,19.511,12.314,19.511,12.314,20.913,13.331,18.411,10.769,19.561,12.41,20.212,11.658,20.19,11.028,19.619,12.328,19.772,13.133,17.761,10.744,19.439,10.245,19.769,13.456,18.681,10.315,19.808,11.331,19.713,11.092,18.888,10.465,19.959,10.474,20.616,13.495,20.005,11.411,17.814,10.341,19.453,11.993,20.324,12.446,20.016,12.591,19.131,10.938,20.035,13.501,19.129,10.072,20.179,13.788,18.924,10.335,18.91,10.128,20.711,13.1,19.885,12.113,19.36,10.665,19.221,13.385,19.452,13.714,19.065,11.873,18.157,10.552,20.219,14.551,18.826,11.009,,9.281
"Jan 17, 2018",23.78,14.078,20.984,12.923,24.312,14.988,23.994,16.465,21.922,14.992,22.402,14.642,22.638,12.373,22.883,15.254,21.607,14.426,23.042,14.623,23.446,14.035,22.522,15.043,22.054,12.8,23.546,15.551,21.414,12.143,22.383,12.823,23.796,15.488,23.839,11.69,23.221,12.714,23.032,14.948,23.032,14.948,23.133,16.234,22.624,13.155,22.758,15.141,23.001,13.756,22.821,13.84,22.747,14.588,22.467,16.023,22.458,13.189,22.322,12.655,22.539,14.972,21.716,12.976,23.117,13.641,22.993,13.634,22.47,12.678,22.183,12.862,23.265,16.057,23.401,13.406,21.071,12.964,22.792,14.267,24.207,14.428,23.265,15.068,21.112,13.461,23.135,16.255,22.356,12.502,23.297,15.373,22.249,12.703,22.381,12.587,23.496,14.418,22.51,14.01,22.751,13.004,21.862,15.296,22.286,15.348,22.67,14.57,22.073,12.872,22.924,17.348,22.6,13.675,22.12,11.489
"Jan 25, 2018",23.476,13.61,21.925,12.895,23.78,13.968,21.232,13.534,22.386,14.98,22.664,14.497,21.615,12.179,22.033,14.651,22.083,14.436,22.848,13.247,23.926,13.996,22.716,15.238,22.436,12.693,23.187,14.526,21.853,12.583,22.943,13.533,23.323,14.863,22.286,11.738,23.64,12.612,22.509,13.666,22.509,13.666,22.717,14.628,22.279,12.978,23.607,15.321,23.457,13.724,23.489,14.153,21.97,12.892,21.737,14.976,21.662,12.386,22.764,12.669,22.524,14.812,21.729,12.117,22.877,13.371,23.589,13.776,22.709,12.377,22.706,13.285,21.087,13.65,23.092,12.762,21.695,13.352,23.501,14.279,23.521,13.632,22.27,13.974,22.256,13.411,21.977,15.109,22.282,12.161,23.23,15.083,22.86,12.607,22.614,11.585,23.802,14.565,22.998,13.967,23.271,13.014,21.183,13.81,22.843,15.558,22.027,14.171,22.298,12.972,21.417,15.045,22.348,13.231,21.929,10.785
"Feb 2, 2018",23.59,16.67,23.557,15.348,25.407,16.986,23.536,16.353,23.566,17.887,23.083,17.025,21.497,15.088,24.058,16.815,23.13,17.45,23.223,15.307,25.39,16.587,22.826,17.933,22.657,15.48,23.147,17.715,22.962,15.139,23.94,16.305,23.769,17.932,22.445,14.745,24.565,15.392,23.257,16.845,23.257,16.845,23.718,17.131,22.835,15.904,24.736,18.399,23.266,16.939,24.017,17.063,24.161,15.882,23.268,17.58,22.463,14.981,24.465,15.484,24.546,17.656,21.917,14.69,23.564,16.486,24.094,16.585,23.344,15.443,24.135,16.105,24.067,16.756,23.485,15.937,22.987,16.138,24.52,17.256,23.417,16.726,22.669,17.217,23.628,15.925,24.561,17.208,21.954,14.991,24.58,18.089,24.266,15.574,22.564,13.946,25.064,17.215,23.612,16.957,23.824,15.663,22.3,16.216,24.192,18.395,22.826,16.452,23.662,15.997,22.369,16.912,23.464,16.19,22.309,12.972
"Feb 10, 2018",25.211,17.207,23.789,16.392,27.037,16.584,24.928,16.649,24.707,17.138,24.641,17.41,23.868,16.244,24.176,18.153,23.744,16.946,26.517,16.384,27.064,15.364,24.528,18.027,23.841,17.209,24.279,17.985,24.549,15.892,24.381,16.626,24.089,18.072,23.748,16.151,25.469,15.571,24.986,17.115,24.986,17.115,24.755,17.515,24.282,17.399,25.113,17.707,26.021,16.892,24.949,16.89,25.841,15.738,23.59,17.858,24.206,16.012,24.496,15.777,24.545,17.54,23.299,15.238,25.215,16.582,25.406,16.001,24.469,15.82,24.498,16.496,24.905,16.671,24.327,15.8,23.809,17.24,24.847,16.763,25.587,17.216,24.428,17.554,24.267,16.546,24.334,18.177,22.769,16.191,25.275,17.317,24.98,16.12,24.75,15.141,26.771,16.359,24.484,16.89,26.052,15.923,24.78,16.648,24.641,17.965,23.882,18.046,24.241,17.136,24.29,17.455,24.11,17.245,24.809,14.585
"Feb 18, 2018",27.845,19.17,26.146,18.398,27.914,18.542,24.72,16.881,26.036,19.856,26.983,19.391,24.866,17.357,24.255,18.945,25.779,19.31,27.691,17.248,29.448,18.648,26.878,19.892,25.328,18.791,26.707,19.007,26.22,17.849,26.926,19.167,27.038,19.906,24.929,17.508,27.748,18.324,26.206,18.648,26.206,18.648,26.167,18.252,24.883,18.878,27.034,20.292,27.672,19.087,27.337,19.431,26.206,17.26,24.644,19.258,25.583,17.213,26.911,18.284,26.653,19.815,25.059,16.612,27.327,18.824,27.524,18.993,27.195,18.487,26.749,18.843,25.888,17.283,27.269,18.172,24.996,18.969,27.097,19.34,27.854,18.736,26.473,18.564,25.695,18.694,23.991,18.827,25.088,17.118,27.297,19.239,27.125,18.477,25.505,16.385,29.276,18.996,26.917,19.018,27.851,18.553,25.28,17.734,26.316,20.487,23.193,18.885,25.802,18.854,23.944,17.967,25.65,18.77,24.944,16.01
"Feb 26, 2018",29.28,21.523,28.132,19.49,29.273,20.759,26.009,19.848,27.746,22.133,28.65,21.835,26.271,19.393,26.466,21.24,27.565,21.842,29.153,19.408,31.136,20.935,28.526,22.202,27.112,20.736,26.932,21.654,28.42,18.82,28.548,20.342,28.113,22.042,26.506,19.547,30.241,21.121,28.28,21.08,28.28,21.08,26.569,20.964,27.06,20.74,28.604,22.11,29.788,21.606,28.892,20.899,28.265,19.635,25.489,21.036,26.014,19.002,29.169,19.609,27.991,21.978,25.19,18.62,29.22,21.655,29.469,21.347,28.852,20.868,28.701,19.916,27.523,20.391,28.813,20.926,26.24,20.115,29.408,21.836,29.152,21.501,27.412,21.641,28.012,19.881,25.299,20.784,25.27,19.394,28.869,21.632,29.072,20.334,26.469,18.614,31.108,21.222,28.925,21.59,29.9,20.762,27.249,19.929,27.594,22.495,26.199,21.139,27.387,20.935,24.721,20.29,27.398,21.163,26.157,18.576
"Mar 6, 2018",30.522,19.73,30.356,19.833,30.973,20.094,28.489,18.489,28.328,21.456,29.881,21.007,27.36,19.542,27.435,19.981,28.347,20.885,30.923,19.393,32.127,20.554,29.804,22.331,27.924,19.954,28.325,19.957,30.227,19.019,29.726,19.359,29.302,20.692,27.285,19.937,32.361,19.2,29.448,19.228,29.448,19.228,28.03,19.23,27.84,19.414,29.11,20.542,31.103,20.592,30.166,19.782,30.523,18.504,27.04,19.448,27.434,18.939,31.264,19.086,29.237,21.661,26.829,18.24,31.144,19.844,31.096,19.721,30.4,19.511,30.717,19.223,28.706,18.841,30.54,19.209,27.536,19.838,30.32,19.641,30.467,20.116,28.59,19.843,29.198,19.147,26.722,19.629,26.378,19.044,29.995,20.902,31.188,19.297,28.98,18.143,32.149,21.19,29.845,20.497,32.223,19.291,29.346,19.513,28.578,21.987,26.414,19.507,28.838,19.482,26.69,18.824,28.614,19.244,28.042,18.452
"Mar 14, 2018",30.65,20.58,30.225,19.308,31.5,20.74,27.882,18.796,28.909,22.441,29.591,21.708,27.11,19.409,27.021,19.319,28.827,21.952,31.626,19.607,31.824,22.23,29.369,22.842,27.832,20.506,28.537,19.755,29.688,18.915,29.554,19.077,29.213,20.32,26.68,18.994,33.061,19.39,29.317,19.792,29.317,19.792,28.673,18.675,27.74,20.158,29.135,20.742,30.766,21.563,29.962,19.316,31.466,18.93,26.943,18.896,27.909,19.165,31.427,18.774,28.915,22.432,26.833,17.995,31.882,20.039,31.357,19.286,30.256,19.997,30.951,18.682,29.671,17.992,31.356,20.276,27.297,19.364,31.045,20.482,30.779,20.892,28.808,19.761,29.495,18.654,25.887,18.232,26.146,17.911,29.866,21.714,31.28,19.162,28.099,17.642,31.836,22.246,29.941,21.434,32.264,19.403,29.458,19.725,28.859,22.77,26.305,20.193,28.84,19.992,26.227,18.379,28.581,19.658,27.611,17.939
"Mar 22, 2018",30.479,22.45,30.301,22.523,30.705,22.218,27.182,20.996,28.572,23.191,28.403,21.674,28.031,20.964,27.394,21.543,28.244,22.169,30.531,21.633,30.698,21.472,28.989,22.521,28.375,21.975,28.635,21.322,31.216,21.965,29.708,22.737,29.257,22.201,27.955,20.991,31.231,22.694,29.694,21.595,29.694,21.595,27.946,21.311,27.682,21.267,28.977,23.317,29.432,20.706,29.812,23.1,30.388,20.527,27.053,21.316,28.342,20.467,30.902,22.912,28.617,21.941,28.397,20.252,30.392,22.28,30.574,22.885,29.98,22.437,31.063,22.955,28.41,21.393,30.637,22.048,28.16,22.147,30.192,21.921,30.526,22.059,28.644,21.414,28.977,22.226,26.331,21.089,27.479,20.51,29.688,21.548,30.603,22.602,29.923,19.975,30.488,21.66,29.032,21.279,31.196,23.008,29.533,21.439,28.755,23.67,26.374,21.036,28.844,21.876,26.473,20.876,28.627,21.586,29.544,20.477
"Mar 30, 2018",27.35,20.55,29.288,19.827,30.733,21.324,27.728,16.738,28.624,21.567,26.513,21.661,26.87,21.709,25.076,19.532,27.201,22.356,31.515,19.586,29.882,22.503,26.408,23.105,27.027,20.129,27.86,19.524,29.726,19.305,28.476,18.772,27.621,20.396,26.492,21.53,29.506,20.588,26.321,20.265,26.321,20.265,26.457,18.675,26.213,21.196,28.367,19.634,26.793,22.099,28.704,18.741,28.759,20.377,25.178,19.207,27.983,20.954,28.906,18.636,27.016,20.794,27.082,20.41,28.071,21.245,29.487,19.651,27.081,20.395,29.761,19.16,27.654,17.326,27.961,19.941,27.269,19.175,29.39,20.623,28.567,20.414,25.664,19.754,28.672,18.586,24.808,19.703,25.559,21.175,27.99,20.633,28.293,19.661,26.636,20.624,29.045,22.849,26.092,22.203,29.605,20.228,29.114,20.707,28.721,21.84,25.13,20.42,27.632,19.488,25.375,17.575,26.687,19.257,28.037,20.07
"Apr 7, 2018",29.778,21.265,28.567,22.279,31.07,21.95,29.399,20.924,28.926,23.594,28.849,21.833,26.743,21.363,27.272,21.154,29.098,22.874,31.877,21.736,30.997,21.872,28.2,22.973,27.291,20.64,28.804,20.49,29.35,21.524,29.122,23.107,28.122,21.421,27.225,22.106,29.89,21.959,29.225,20.871,29.225,20.871,28.715,19.256,27.162,20.467,28.221,23.341,30.237,22.279,29.008,22.958,29.537,20.258,27.69,19.715,27.372,21.735,29.433,21.836,28.441,22.59,27.289,21.08,29.861,20.818,29.543,22.824,28.645,21.346,29.294,22.94,29.374,19.664,29.971,21.597,27.522,21.785,29.507,22.905,29.3,21.281,28.686,20.154,28.913,21.525,26.837,20.341,27.045,21.713,29.352,22.023,29.246,21.447,28.279,21.494,30.212,22.441,29.699,22.323,29.762,22.276,29.559,21.477,28.942,23.797,26.463,20.58,28.088,20.384,27.367,20.104,28.134,21.813,28.295,21.946
"Apr 15, 2018",29.713,22.359,29.074,22.511,31.384,22.614,29.688,22.204,29.359,23.488,29.104,23.076,27.469,21.518,27.083,21.438,28.911,22.966,32.818,21.985,31.404,23.271,28.805,23.84,28.607,21.255,28.045,21.591,29.024,22.144,30.229,22.977,28.457,22.776,27.248,21.729,30.42,21.841,27.931,21.85,27.931,21.85,28.198,20.95,27.306,20.832,29.55,22.293,30.056,22.464,30.378,22.368,30.071,21.837,26.228,21.155,26.67,20.561,30.421,22.407,29.36,24.079,26.486,21.216,29.202,22.755,31.374,22.058,28.96,21.356,30.482,23.28,28.966,21.155,29.242,22.699,28.583,21.46,30.338,22.649,28.529,21.977,26.534,21.212,29.949,21.886,27.78,21.353,25.772,21.608,30.362,23.507,29.834,21.998,26.069,21.338,30.077,23.16,29.417,22.47,30.842,22.193,29.757,21.82,29.468,23.916,26.803,21.158,28.599,21.088,28.068,20.533,28.062,20.796,26.779,21.943
"Apr 23, 2018",28.716,21.715,28.691,23.156,30.536,23.251,27.636,22.756,26.87,23.887,27.651,23.531,24.77,22.154,27.029,22.917,27.197,22.782,31.06,22.139,28.994,23.089,27.234,24.241,26.362,22.865,26.498,22.986,30.407,22.797,28.722,24.577,27.508,23.274,27.083,21.708,27.79,23.327,28.157,21.89,28.157,21.89,26.468,22.908,26.003,21.231,29.75,24.954,27.201,23.492,28.479,23.631,29.826,21.952,26.343,22.861,24.879,21.775,27.974,23.628,27.279,24.002,25.655,22.386,28.138,24.522,27.954,22.528,27.552,22.089,28.918,23.685,26.925,22.807,27.441,23.701,28.052,21.802,29.147,24.516,27.476,21.989,27.166,21.705,27.962,24.63,25.593,23.546,25.594,22.7,28.538,23.773,27.509,24.295,28.224,22.096,27.597,23.409,27.643,22.846,27.193,22.885,28.84,21.887,28.583,24.387,25.908,22.652,26.965,23.114,26.361,22.665,27.071,21.827,30.397,22.231
"May 1, 2018",25.564,21.712,27.099,22.757,28.296,19.877,28.234,17.909,29.164,21.793,27.995,20.725,25.186,21.767,26.859,22.301,28.405,20.867,30.527,19.854,30.718,20.956,26.462,22.445,26.457,22.608,28.04,21.042,26.377,22.686,29.686,20.339,27.59,20.176,26.714,22.432,27.55,21.339,25.951,21.483,25.951,21.483,27.808,20.656,26.152,20.753,29.998,18.687,28.607,20.533,30.036,18.781,28.694,20.232,27.181,22.29,23.208,21.798,28.688,21.479,28.411,19.975,28.161,22.396,26.276,20.357,30.3,21.738,26.219,20.405,28.049,21.539,27.571,19.313,26.702,21.401,26.066,22.241,30.369,20.107,27.091,21.236,28.174,21.734,26.244,24.494,27.107,21.761,27.228,22.317,29.06,19.582,26.164,22.333,26.848,21.709,28.974,22.731,28.902,20.585,29.837,21.223,27.78,20.337,29.138,22.578,26.802,19.858,26.16,20.883,27.927,20.079,26.936,21.166,28.698,22.327
"May 9, 2018",26.358,22.79,24.57,22.165,26.117,21.181,27.963,20.327,26.773,24.034,25.858,23.337,25.54,21.183,28.188,21.599,27.218,23.387,26.952,21.038,24.299,22.916,24.68,23.781,25.539,21.705,29.652,22.211,26.872,21.92,24.308,22.459,24.898,22.506,26.199,21.247,21.393,22.588,26.678,22.497,26.678,22.497,26.761,21.474,29.019,21.011,25.465,23.282,26.701,23.158,24.213,22.856,26.413,19.875,28.195,22.529,28.324,21.394,24.044,22.247,26.87,23.244,27.654,21.155,26.844,22.237,21.694,23.185,22.489,22.605,26.108,22.558,27.077,20.805,26.022,22.576,24.279,21.901,23.991,23.354,26.107,22.659,27.197,22.314,22.561,22.079,27.686,21.782,26.642,21.219,24.085,22.745,22.799,22.283,27.581,21.262,24.031,23.502,26.909,23.133,21.683,22.505,26.524,19.584,27.728,24.964,29.133,21.471,22.823,21.672,27.149,22.623,24.662,21.36,27.345,20.768
"May 17, 2018",23.146,20.83,29.319,23.913,28.757,21.565,30.944,19.978,23.937,23.221,26.196,21.075,28.15,24.019,28.854,22.401,23.345,22.917,29.379,20.13,25.368,22.887,25.467,23.083,26.959,23.089,24.976,21.833,30.309,23.36,30.576,21.756,26.603,20.689,29.011,24.091,21.92,20.623,28.831,21.661,28.831,21.661,26.163,20.905,27.453,22.753,22.169,22.888,24.129,21.563,26.325,21.573,28.707,19.848,25.904,21.777,30.344,23.731,29.524,21.375,26.457,21.32,30.874,23.635,24.671,20.863,25.52,21.76,22.139,21.138,31.82,21.636,28.771,20.772,22.788,19.775,27.543,24.355,22.332,22.616,26.586,21.33,27.51,21.09,29.061,23.367,28.886,22.083,30.64,23.693,27.587,21.6,24.562,21.722,31.379,23.323,25.703,22.427,23.54,22.22,28.367,21.207,28.113,19.872,25.204,23.813,27.835,23.088,28.555,21.724,27.939,20.323,28.406,21.547,30.165,23.337
"May 25, 2018",30.205,23.15,29.501,23.836,26.61,23.883,28.642,24.731,28.926,24.178,29.223,23.999,27.26,22.263,27.225,22.241,28.887,24.256,27.124,21.664,28.702,24.256,28.666,24.52,28.008,22.424,29.399,24.538,30.073,24.084,30.707,23.737,29.765,24.847,27.951,22.584,28.106,22.82,29.375,23.223,29.375,23.223,29.04,23.977,23.16,22.333,29.878,23.677,29.507,24.002,29.678,23.863,28.268,23.071,27.874,23.322,26.923,23.079,30.248,23.504,28.688,24.54,26.223,23.432,28.714,23.492,27.857,23.002,28.151,22.841,31.518,22.989,28.809,24.362,28.474,23.43,30.492,23.019,29.465,22.684,29.074,22.998,29.174,23.116,30.261,23.025,25.873,22.888,27.06,23.191,28.513,24.614,28.596,22.984,26.838,22.966,28.356,24.333,28.742,24.032,27.28,23.085,26.449,22.866,29.546,24.368,23.551,22.141,28.083,22.411,28.177,23.858,27.383,22.649,26.77,22.374
"Jun 2, 2018",29.467,25.779,29.41,24.96,29.008,25.596,29.135,26.545,28.686,25.867,29.348,26.392,11.583,25.644,28.535,25.784,28.127,26.006,28.524,,29.183,26.328,27.917,26.492,26.31,25.852,30.484,26.718,31.347,26.854,30.254,25.977,30.658,26.664,24.974,25.805,28.44,25.407,28.516,25.565,28.516,25.565,30.012,26.718,28.599,25.1,29.033,25.813,30.018,25.76,29.344,25.167,30.233,24.627,27.705,27.095,29.486,25.6,29.082,24.624,27.51,26.596,33.645,25.392,28.811,26.023,28.183,25.682,28.622,22.894,30.355,26.281,29.48,26.082,29.186,25.479,31.553,25.719,29.595,26.471,29.258,25.742,29.645,26.056,26.924,25.145,27.711,26.741,35.028,25.472,29.68,27.025,28.071,25.026,30.855,25.405,28.643,26.447,28.437,26.019,27.469,24.126,28.972,24.272,29.067,25.617,31.135,25.667,27.933,24.356,28.005,27.285,29.228,24.524,30.72,25.194
"Jun 10, 2018",25.33,23.555,28.149,,25.381,23.338,24.582,21.606,27.633,26.058,,25.274,21.469,20.778,-15.05,21.287,26.524,25.422,26.179,20.987,26.295,26.717,26.023,24.602,26.11,22.42,,22.87,28.364,23.502,30.173,,,23.94,25.576,21.233,27.036,23.828,,22.589,,22.589,,22.087,,21.59,29.386,26.3,,27.071,28.32,25.242,,22.841,,22.036,27.679,20.413,28.599,,26.216,24.127,31.509,19.981,25.673,24.698,27.927,24.511,25.889,23.82,30.695,,25.876,21.952,25.766,23.642,25.558,23.055,27.769,25.707,,22.33,,22.765,26.417,,,21.498,29.338,20.45,25.375,23.462,27.175,,34.992,23.891,25.554,25.973,27.09,26.661,26.877,18.033,18.018,22.817,28.53,26.123,,21.242,25.915,21.015,,19.442,23.356,22.08,,20.255
"Jun 18, 2018",30.543,22.98,32.69,24.386,27.264,25.25,20.73,24.844,26.825,24.562,25.052,23.236,29.203,21.662,30.485,23.022,25.517,,27.431,,,,27.823,22.03,28.081,23.21,29.068,24.156,32.2,25.153,31.052,25.286,27.868,24.408,31.581,23.034,27.009,22.833,30.492,23.27,30.492,23.27,27.202,23.98,29.707,23.401,32.194,24.949,30.873,24.509,31.56,24.885,28.133,20.931,24.715,23.471,28.812,21.55,28.505,24.627,27.449,,29.58,22.695,24.684,22.6,28.368,23.715,26.111,22.838,29.014,25.8,25.974,24.266,27.387,23.201,29.721,23.784,27.713,23.168,30.911,21.898,30.032,23.716,29.608,23.678,24.058,22.92,29.715,23.092,27.963,,28.255,23.729,29.331,22.423,26.308,22.03,27.908,24.73,27.888,23.207,26.979,20.522,28.75,26.891,29.931,23.241,27.497,23.153,24.309,24.113,28.866,23.105,30.769,23.097
"Jun 26, 2018",28.588,,26.694,25.325,27.524,,29.044,,27.268,,24.716,,,25.778,30.761,24.158,25.679,,26.53,,20.831,,24.092,,29.283,,26.732,24.554,30.624,,29.891,,26.805,,,25.614,28.463,,29.312,24.299,29.312,24.299,25.698,24.324,28.304,,26.5,,24.79,,30.061,,26.804,,26.011,24.637,25.395,21.952,29.176,,26.666,,19.804,24.69,31.089,,29.281,,27.067,,29.15,,28.109,,27.655,,29.847,,28.078,,26.379,,27.438,24.44,31.627,25.852,26.701,,14.23,,26.972,,28.574,,,,23.785,,,,28.423,,26.126,,26.508,,,,25.769,,28.824,,28.577,,,25.517
"Jul 4, 2018",30.161,,28.957,,26.771,23.214,27.208,,28.269,25.684,27.151,,,25.778,30.714,,26.445,25.986,25.5,,26.873,,27.743,20.843,26.052,,26.528,,30.657,,30.624,25.917,29.618,,,26.061,29.094,25.606,30.722,,30.722,,26.404,,25.853,,29.954,25.9,28.54,25.856,30.709,25.954,27.145,,23.869,,26.346,20.928,28.805,,26.017,,28.909,26.146,25.084,,30.534,,28.964,25.58,30.944,,26.999,,29.651,,30.295,26.036,22.963,,29.328,,29.755,,28.675,,25.682,,29.298,26.184,26.777,24.202,29.485,25.94,,26.371,28.254,22.921,28.048,25.426,29.182,25.963,26.617,,27.852,25.9,,,27.512,,25.911,,28.455,,,26.179
"Jul 12, 2018",28.041,,28.823,,29.724,,31.09,,28.789,,29.22,,31.722,28.173,26.878,,28.191,19.21,27.638,,28.702,,28.134,,28.507,,28.153,,30,,27.208,,26.861,,35.145,28.065,28.612,,24.359,,24.359,,29.05,,28.834,27.203,31.135,,29.552,,29.28,,27.935,,26.748,,28.289,28.324,26.362,,27.975,,31.106,28.716,29.244,,30.123,,28.269,,28.032,,28.58,,27.539,,30.464,,30.299,,27.088,,27.532,,28.128,,24.224,,31.485,28.689,28.738,24.05,27.66,,32.375,,28.506,,28.317,,28.216,,27.842,,29.096,,30.958,26.854,27.165,,26.076,,26.845,,32.702,27.006
"Jul 20, 2018",20.329,,22.318,,,,28.005,,10.01,,25.972,,24.815,,22.192,,29.534,,25.934,,24.816,,26.243,,11.371,,27.77,,28.972,,,,,,32.454,,20.574,,25.196,,25.196,,26.845,,26.434,,,,25.107,,,,,,,,30.043,,6.09,,24.92,,26.093,,22.634,,,,9.149,,,,26.289,,21.767,,28.946,,21.142,,26.055,,26.534,,18.765,,30.163,,12.655,,24.464,,7.644,,,,25.912,,23.524,,5.37,,,,11.297,,26.172,,5.382,,25.666,,-2.463,,,
"Jul 28, 2018",,,,,29.384,,23.791,,,,26.478,,,,,,26.007,,26.377,,21.572,,,24.814,,,,25.951,23.791,,28.212,,,25.897,,,,,,,,,25.819,,,,,,,,28.383,,27.689,24.25,23.398,,,,,,,25.668,21.212,,,,,,20.707,,,,24.205,24.77,10.23,25.48,,,,,,25.84,,,,,23.142,,,,,25.767,22.97,,,,26.526,24.75,,,22.321,,26.77,,25.807,,,,9.417,,22.044,,,,,
"Aug 5, 2018",24.45,25.97,26.332,,27.121,25.367,26.335,,27.589,25.793,28.981,25.619,27.242,24.881,31.912,,27.338,25.387,27.677,,26.813,25.682,26.867,24.586,,25.564,23.709,,29.446,25.792,25.443,25.477,28.438,26.65,,25.757,24.471,26.106,29.098,25.718,29.098,25.718,24.228,,24.765,,,25.968,30.059,,25.752,25.522,27.777,,23.866,,25.769,22.386,22.928,25.479,26.703,25.291,28.252,25.646,27.179,26.09,,,24.089,25.809,28.682,25.278,27.527,,28.918,,27.185,26.441,25.339,26.036,28.718,25.556,27.896,,29.128,25.402,30.623,,27.776,25.073,24.963,25.955,24.189,26.034,,,25.843,24.744,28.158,25.343,21.267,25.909,27.438,18.889,28.052,26.062,25.43,,27.025,26.737,26.669,,30.513,26.286,,25.893
"Aug 13, 2018",29.35,27.55,27.213,27.369,26.232,,33.025,28.487,27.085,26.58,,27.027,31.289,27.741,33.645,28.705,25.755,26.805,26.642,,25.515,,26.259,,29.827,28.489,28.813,28.529,29.654,27.824,26.797,,24.765,27.319,32.01,27.741,20.423,26.979,32.368,27.715,32.368,27.715,31.173,27.757,32.467,28.147,27.182,,24.358,26.795,29.707,27.017,26.694,23.321,29.28,29.114,30.189,28.364,26.551,26.983,24.722,26.04,29.43,28.453,20.611,26.983,,27.146,29.206,27.301,,26.551,30.091,27.698,28.096,26.981,28.811,28.304,27.123,27.365,29.754,27.169,30.278,27.664,,26.96,32.198,28.736,31.202,28.239,24.719,,25.026,27.272,31.837,27.308,26.231,,27.312,26.567,22.545,27.352,25.431,22.736,27.606,,34.146,28.384,29.251,27.401,30.501,28.86,31.496,28.001,30.775,26.793
"Aug 21, 2018",25.51,25.481,29.283,,29.292,,,26.253,26.602,24.938,25.808,,25.101,,28.025,25.668,26.471,,27.763,21.047,28.867,,25.479,,27.938,,,,24.856,,22.908,,,,,,,25.063,,25.887,,25.887,,25.963,28.345,,25.531,24.898,26.268,,25.923,25.479,28.958,,23.601,25.992,26.917,,23.405,25.637,,,27.149,20.728,25.139,,,25.102,16.752,25.698,26.85,,,25.928,,25.449,31.969,,26.376,,23.192,25.561,,25.706,,,22.02,25.957,25.435,21.83,27.784,,25.048,26.269,25.821,,27.964,,28.227,,,25.783,28.783,20.842,26.196,25.17,,,23.813,25.67,21.03,25.922,24.908,25.751,25.697,
"Aug 29, 2018",28.706,25.03,28.141,25.563,27.29,24.534,27.919,26.154,25.938,25.662,27.004,25.256,27.902,25.973,28.357,25.486,25.612,25.556,25.986,21.382,26.732,,25.905,24.536,28.592,,28.177,25.05,29.026,25.431,29.338,25.113,27.737,25.155,28.834,25.97,27.913,25.631,28.128,25.59,28.128,25.59,27.728,,29.334,26.112,28.339,25.303,26.342,25.623,27.853,25.203,26.856,24.165,25.901,24.87,28.308,25.365,26.729,25.703,25.19,24.897,27.943,25.253,27.71,25.33,28.73,25.198,27.403,25.892,27.649,25.118,28.591,25.692,27.408,25.994,28.943,25.779,27.554,25.558,29.418,,28.383,,29.21,25.47,26.397,,27.809,25.759,26.76,24.826,27.361,26.238,28.342,25.769,27.229,25.208,26.876,24.986,27.003,26.022,25.939,24.065,25.976,25.861,26.19,,27.341,,25.752,26.295,28.489,25.611,29.013,25.789
"Sep 6, 2018",29.642,,28.341,25.38,27.931,23.18,29.226,25.64,28.206,22.032,28.503,,25.171,24.755,27.977,24.849,28.603,21.582,27.058,22.062,29.325,23.257,29.247,22.629,26.638,24.956,28.634,25.223,27.578,25.53,27.008,,28.801,24.519,26.74,25.353,28.245,,29.203,,29.203,,29.509,24.93,26.54,24.986,28.221,,29.773,,27.438,,26.476,22.953,27.07,25.773,25.594,24.439,28.063,25.236,28.801,23.227,25.766,22.764,29.942,,26.614,,27.826,,28.651,,29.014,25.046,27.36,22.521,28.03,25.748,29.827,,28.074,,28.575,24.69,28.023,25.638,27.78,25.941,25.63,24.626,26.341,23.515,28.135,,28.856,20.189,29.111,23.574,29.49,,27.779,,26.323,23.082,28.291,21.648,26.772,24.86,25.544,,27.363,25.943,27.493,24.565,27.033,
"Sep 14, 2018",32.528,26.05,29.655,25.486,30.534,25.734,29.677,26.314,29.594,26.72,29.914,25.658,28.434,24.905,31.182,25.968,29.244,26.228,29.37,22.842,29.924,26.22,29.071,25.989,29.205,25.528,32.346,26.555,29.525,25.715,31.851,26.47,32.251,26.093,28.24,24.926,30.893,26.176,32.291,25.732,32.291,25.732,31.195,26.265,29.693,25.874,30.882,26.485,30.741,25.768,30.69,26.038,29.922,24.273,30.144,26.604,27.709,25.163,29.534,26.33,29.608,25.764,28.593,24.402,31.416,25.559,30.426,25.942,30.416,26.469,31.108,26.222,30.041,26.076,31.121,25.637,28.778,25.311,30.819,26.708,32.925,25.799,32.461,25.72,30.328,26.211,31.226,26.754,28.062,24.161,29.702,26.176,29.808,27.098,28.923,24.437,29.337,25.975,29.988,25.833,29.566,26.449,28.868,24.556,29.631,27.244,29.971,25.276,29.285,26.778,28.751,26.846,29.829,25.892,28.166,24.057
"Sep 22, 2018",29.846,24.479,29.966,24.565,28.448,25.885,28.869,23.675,29.058,25.953,28.082,26.473,28.659,23.189,28.713,22.698,28.725,25.58,27.743,23.989,28.815,25.577,27.911,26.225,28.58,23.008,28.305,26.922,29.959,24.547,30.615,24.699,29.562,26.845,28.57,23.92,28.79,25.194,28.805,23.122,28.805,23.122,28.172,25.39,28.059,22.578,29.561,25.54,29.079,26.567,29.417,24.589,28.696,24.412,28.144,26.474,27.877,21.745,29.945,24.623,28.363,26.303,28.344,23.654,29.004,25.894,28.796,24.733,28.36,24.882,31.212,24.575,28.369,23.816,28.628,25.428,29.323,24.134,29.191,26.22,30.391,24.435,28.242,24.86,29.44,24.89,28.125,24.601,28.679,23.896,28.754,26.182,29.263,25.628,28.942,24.285,28.234,25.998,28.685,26.242,28.837,25.209,28.062,24.275,29.167,26.213,27.605,22.018,28.364,24.463,28.823,25.67,28.012,23.543,29.211,23.528
"Sep 30, 2018",30.856,24.41,29.472,24.181,29.679,23.802,28.841,24.354,29.134,25.052,29.416,24.3,29.389,24.502,29.757,24.273,29.2,24.259,28.103,22.064,29.105,23.898,29.287,25.174,29.468,23.979,30.939,25.465,30.069,23.871,31.111,23.739,31.15,24.64,29.526,24.243,29.899,24.551,30.76,24.196,30.76,24.196,30.869,24.552,29.578,24.665,29.299,24.315,29.095,23.399,29.862,23.881,29.331,22.639,29.489,25.616,28.923,24.797,29.979,24.039,29.636,24.952,28.948,24.064,30.151,24.336,29.988,24.143,29.979,24.355,31.414,23.695,29.823,23.963,30.215,24.52,29.319,24.085,30.027,25.086,30.901,24.176,30.065,24.587,30.155,24.475,29.342,25.269,29.084,23.976,29.976,24.846,30.276,24.912,28.886,23.893,29.075,24.591,28.842,23.651,30.031,24.727,28.376,23.204,29.293,25.309,29.339,24.428,29.941,24.728,28.375,25.606,29.983,24.207,29.46,23.633
"Oct 8, 2018",29.85,22.59,28.063,20.828,28.217,21.189,29.414,21.415,27.599,23.447,27.187,23.295,28.026,20.637,28.198,21.263,26.968,23.069,27.041,17.359,26.471,23.102,27.382,23.299,26.898,21.084,28.884,21.735,27.853,20.586,30.589,20.559,28.68,21.185,27.89,20.327,28.859,21.786,29.549,20.404,29.549,20.404,28.936,20.73,28.117,21.088,28.717,21.669,27.353,22.834,28.327,20.795,28.358,19.044,29.069,21.761,28.075,21.49,28.489,20.313,27.598,22.412,27.74,20.736,28.726,22.315,28.656,21.027,29.354,22.225,29.913,21.172,28.668,21.158,28.712,22.306,27.489,20.184,29.296,21.978,29.825,21.566,29.447,20.606,27.989,21.538,27.088,22.473,27.779,20.093,28.182,23.154,28.445,21.489,27.407,20.919,27.003,23.153,27.089,23.171,28.471,22.436,27.043,18.272,27.835,23.788,28.069,21.355,27.765,21.478,27.74,21.702,28.406,20.814,27.696,20.462
"Oct 16, 2018",30.029,20.862,29.204,21.632,27.232,20.673,27.517,21.661,28.317,23.087,27.636,21.655,27.885,21.137,27.927,21.121,28.218,22.319,26.726,18.664,27.868,21.877,27.144,22.718,28.087,21.535,28.577,21.821,28.809,21.489,30.698,20.77,28.889,21.544,28.342,21.241,29.319,20.984,29.142,20.797,29.142,20.797,27.627,21.375,28.314,21.671,28.973,21.236,27.925,20.91,28.929,20.612,27.019,18.763,27.766,22.286,27.479,21.316,28.809,20.588,27.578,22.301,27.616,21.02,29.37,21.025,28.899,20.655,29.659,21.041,30.368,20.137,26.871,20.599,29.43,21.384,28.295,21.432,29.113,21.477,29.898,20.967,28.49,21.183,29.213,21.416,27.167,22.533,28.107,20.777,27.206,22.42,29.186,21.439,27.942,20.929,27.521,22.281,27.823,21.379,28.78,21.338,26.057,19.969,28.717,23.452,27.508,21.303,28.623,21.605,26.804,23.188,28.673,20.594,28.136,21.082
"Oct 24, 2018",29.713,20.705,28.935,20.5,27.278,17.927,28.791,21.281,27.35,22.616,26.294,21.434,28.018,20.214,28.322,21.331,26.897,21.518,26.689,18.029,25.875,20.754,25.981,22.517,28.425,20.718,29.606,21.896,28.298,19.614,30.644,18.251,28.706,21.091,27.446,20.005,29.139,20.022,28.763,20.696,28.763,20.696,29.128,22.16,28.762,20.96,28.271,21.013,25.612,20.536,29.073,19.252,26.838,16.939,28.395,22.164,27.928,20.849,28.793,19.626,26.699,21.84,28.205,19.973,28.698,20.752,29.365,20.356,29.113,20.157,30.074,17.824,28.285,20.986,28.748,21.005,28.297,20.381,28.962,21.494,29.751,21.261,29.122,21.214,28.965,20.655,27.949,22.391,27.763,20.136,26.902,21.346,29.212,20.27,27.992,19.725,25.813,21.58,25.919,20.806,28.699,19.981,26.211,17.025,27.831,23.1,28.205,20.727,29.198,20.872,27.604,23.367,28.666,20.532,27.873,19.867
"Nov 1, 2018",30.025,21.703,28.723,20.133,27.384,21.115,27.484,20.942,27.075,23.253,26.866,22.451,27.319,18.65,27.353,20.775,26.969,22.921,26.758,20.127,26.485,22.294,26.326,22.654,28.109,19.677,28.429,21.637,28.723,19.405,29.48,20.625,28.372,21.991,27.436,18.292,29.86,21.273,28.553,21.218,28.553,21.218,27.794,21.446,28.37,20.045,28.311,21.75,26.767,22.215,28.901,20.712,26.82,19.935,27.482,21.645,26.852,19.501,28.339,20.544,26.677,22.15,27.481,18.959,29.761,21.601,29.246,21.112,29.457,21.369,28.915,20.208,27.02,20.751,29.484,21.673,28.521,19.015,28.85,22.691,29.639,21.995,27.944,21.241,28.522,20.11,27.34,21.584,27.541,18.689,27.07,22.075,28.809,21.321,28.077,18.638,26.198,22.367,26.877,22.436,29.208,21.236,26.131,20.641,27.493,23.302,27.649,19.859,28.513,20.376,27.108,22.677,28.422,20.602,28.021,18.023
"Nov 9, 2018",28.358,19.61,28.52,18.711,26.044,18.215,26.861,20.234,25.905,21.392,25.285,20.43,27.25,18.213,26.634,19.119,25.393,20.886,24.769,17.93,24.751,19.485,24.83,20.449,27.609,18.588,27.695,19.742,27.88,18.165,28.555,18.665,26.701,19.45,27.415,17.564,28.195,18.891,27.313,19.654,27.313,19.654,27.252,19.693,27.369,18.835,28.239,19.612,24.762,19.564,28.375,18.523,25.127,17.819,26.94,20.132,26.502,18.902,28.061,18.68,25.491,20.324,27.717,17.676,28.181,19.341,28.553,18.629,27.906,19.346,28.663,18.251,26.689,19.563,27.998,19.454,27.923,18.072,27.943,20.202,28.329,19.972,27.33,19.65,28.613,18.934,26.636,20.075,27.67,17.294,25.996,19.624,28.481,19.366,28.125,16.94,24.66,19.74,25.407,20.03,27.819,19.372,24.219,18.756,26.854,21.706,26.611,18.728,27.757,19.269,26.129,21.61,27.871,18.683,28.191,16.638
"Nov 17, 2018",27.45,17.33,26.686,16.351,25.913,17.839,25.112,18.046,25.398,20.235,25.395,18.935,26.378,15.644,25.529,16.72,25.314,19.691,24.8,16.415,25.739,19.09,25.552,20.133,25.858,16.221,27.161,18.064,26.325,15.67,26.709,16.524,26.438,18.119,26.798,15.324,27.394,16.799,26.002,17.203,26.002,17.203,26.413,17.747,25.186,16.26,26.885,17.255,25.705,18.658,26.953,16.312,24.347,16.656,26.177,18.241,25.608,16.409,26.733,16.351,25.386,19.468,26.833,15.856,27.537,17.369,27.345,16.593,27.122,16.644,27.4,16.168,25.036,17.056,27.311,17.571,26.518,15.816,26.714,18.058,27.577,18.191,26.409,17.508,26.64,16.418,25.586,18.008,26.843,15.592,25.6,19.48,26.748,16.7,26.699,15.79,25.887,19.684,25.51,18.713,26.44,17.175,23.542,17.668,26.209,20.426,25.395,16.147,25.911,16.637,24.749,19.601,26.084,16.024,27.188,15.105
"Nov 25, 2018",26.973,17.149,27.317,16.09,26.918,16.336,25.333,16.396,24.88,18.492,24.785,18.17,26.849,14.834,26.243,16.23,24.424,18.238,25.208,16.241,25.161,17.295,25.02,18.737,27.291,15.423,27.35,16.907,26.906,15.051,27.678,16.076,26.546,16.716,26.817,14.77,27.918,16.455,25.796,16.833,25.796,16.833,26.61,16.232,26.376,15.646,26.888,16.01,24.386,17.142,28.622,15.697,25.507,15.442,26.194,16.818,25.781,15.875,27.557,16.056,25.067,18.089,26.935,15.276,27.928,17.031,28.455,15.95,26.994,16.533,27.569,16.404,25.685,15.647,27.057,17.347,27.498,15.125,27.199,17.419,27.107,17.941,26.239,16.978,27.183,15.671,25.408,16.66,26.698,15.142,25.992,17.492,27.11,16.395,26.763,15.108,25.412,17.91,24.451,17.635,26.912,16.987,24.494,16.948,25.706,18.599,26.431,15.558,26.41,16.41,24.54,18.228,26.597,15.844,27.314,14.895
"Dec 3, 2018",26.083,15.152,23.899,14.912,24.841,15.183,24.724,15.597,23.659,17.149,24.23,16.068,24.679,14.7,24.597,15.376,23.583,16.461,23.184,16.325,24.653,15.321,24.248,16.886,24.883,14.822,26.002,15.01,23.653,14.076,24.589,14.475,25.704,14.874,25.492,14.024,26.049,14.289,25.036,15.395,25.036,15.395,25.227,15.271,24.24,15.055,24.774,15.089,24.03,14.965,25.576,14.363,23.784,14.488,24.66,15.841,24.121,14.955,24.87,14.544,24.457,16.348,24.955,14.48,26.224,14.758,26.041,14.17,25.272,14.725,25.037,14.521,23.914,14.721,25.709,15.049,24.868,14.432,25.234,15.446,25.982,15.866,25.293,15.13,24.398,14.731,24.718,16.131,24.51,14.424,24.9,15.975,25.269,14.669,24.815,14.227,24.717,15.947,24.184,15.495,25.628,14.861,22.852,15.984,23.72,17.353,24.761,15.206,24.132,14.86,24.073,17.55,24.545,14.504,25.72,13.688
"Dec 11, 2018",26.259,15.286,25.297,14.639,25.646,16.1,25.816,17.69,23.934,17.444,24.191,16.689,25.522,14.409,25.585,16.025,23.552,17.14,25.417,18.232,24.357,16.192,23.56,17.489,25.547,14.897,26.512,15.818,25.408,13.839,24.891,14.656,25.734,15.709,26.379,13.696,26.542,14.849,25.24,15.6,25.24,15.6,26.191,16.623,24.887,15.03,25.668,15.99,24.17,15.845,25.776,14.947,24.591,15.697,25.551,16.983,24.287,14.859,25.567,14.695,23.822,17.168,25.805,13.749,26.275,15.396,26.467,15.02,24.876,14.709,25.675,14.538,25.602,17.167,26.327,15.091,25.845,14.476,25.748,16.008,26.509,16.185,25.8,15.635,25.405,14.738,25.964,17.048,25.622,13.994,24.61,16.82,25.567,14.55,26.647,13.685,24.133,16.61,23.935,16.354,25.608,15.223,23.851,17.874,24.25,17.65,25.626,15.294,24.763,14.739,24.918,18.672,25.182,14.636,27.829,13.119
"Dec 19, 2018",23.581,14.26,21.446,13.722,24.454,15.224,23.804,15.83,21.498,15.695,22.335,14.814,22.674,13.919,23.684,15.235,21.313,14.893,23.071,16.275,22.9,14.219,22.673,15.926,22.367,14.224,23.846,15.322,21.448,12.722,21.827,12.988,24.078,14.79,22.599,13.383,22.959,13.429,23.577,14.896,23.577,14.896,23.741,15.811,22.561,14.43,22.503,14.008,22.538,13.815,22.488,13.269,23.394,14.138,23.764,15.83,22.587,14.535,21.939,13.37,22.55,15.484,23.654,13.791,23.163,13.942,22.917,13.199,22.068,13.725,21.932,12.93,23.203,15.479,23.306,14.121,21.655,13.588,22.68,14.23,23.775,15.067,23.512,15.065,22.368,13.767,24.206,15.75,22.824,13.525,23.524,15.252,22.236,13.689,23.653,13.409,23.104,14.895,22.114,14.118,22.192,13.839,22.293,16.352,21.683,15.937,23.505,14.795,22.127,13.983,23.607,16.814,22.814,13.976,23.036,12.743
"Dec 27, 2018",23.258,12.209,20.686,11.286,23.035,13.333,23.196,13.983,20.596,14.131,21.881,13.505,21.918,10.535,22.73,12.968,20.586,13.637,21.406,13.288,22.555,12.929,21.971,14.849,21.791,11.296,22.682,13.447,20.564,10.274,20.956,10.835,23.51,12.968,22.432,9.916,22.773,11.323,22.722,12.915,22.722,12.915,22.75,13.831,22.29,11.594,21.949,12.245,22.222,12.237,21.99,11.249,21.965,12.414,22.106,13.94,21.441,11.61,21.317,11.116,21.796,14.306,22.364,10.532,22.572,12.106,22.863,11.205,21.751,11.23,20.961,10.633,22.139,13.579,22.827,12.297,21.072,10.873,22.074,12.43,23.302,13.266,22.604,13.036,21.547,11.489,23.557,13.784,21.858,10.426,22.867,14.06,21.708,11.211,22.798,10.105,22.904,13.411,21.627,12.875,22.111,11.621,20.72,14.045,20.531,14.11,22.935,11.819,21.7,11.435,22.797,15.028,22.463,11.427,22.483,9.468
"Jan 1, 2019",24.151,13.154,22.431,12.196,24.782,14.29,23.301,14.353,22.027,14.794,23.024,14.142,22.667,11.727,22.966,13.777,22.018,14.335,23.796,14.558,24.038,13.342,23.419,14.973,23.184,12.259,23.723,14.396,22.468,11.177,22.796,11.901,24.18,13.848,23.843,10.978,23.96,12.124,23.182,13.811,23.182,13.811,23.069,14.617,23.227,12.243,23.493,13.494,23.657,13.009,23.636,12.449,23.17,13.473,22.485,15.026,22.406,12.128,22.868,12.13,23.203,14.448,23.229,11.115,23.723,12.909,24.112,12.337,22.635,12.073,22.858,11.768,22.424,14.14,23.629,12.862,23.539,11.912,23.548,13.603,24.242,13.865,23.145,13.815,23.097,12.809,23.379,14.635,22.768,10.835,23.899,14.535,23.028,12.219,24.13,10.425,24.291,13.951,23.083,13.57,23.067,12.662,22.143,14.878,22.15,14.959,23.636,12.718,22.875,12.343,22.887,15.563,23.277,12.334,24.213,10.537
"Jan 9, 2019",23.78,13.277,22.392,12.806,23.525,14.324,23.486,14.881,21.393,14.938,21.662,14.393,23.13,12.299,23.193,14.159,20.988,14.515,22.305,14.316,22.812,13.744,22.101,15.072,23.391,12.829,23.536,14.428,22.532,11.977,22.44,12.422,23.274,13.886,24.666,11.545,22.858,12.313,22.995,13.907,22.995,13.907,23.134,14.864,23.008,12.769,23.058,14.106,22.163,13.493,22.986,13.072,22.477,13.472,22.703,15.134,22.701,12.652,22.375,12.267,22.175,14.596,22.846,12.212,22.236,13.119,23.232,12.722,22.534,12.089,22.326,11.86,22.547,14.615,22.598,12.795,23.642,12.82,22.66,13.878,23.825,13.771,22.92,13.925,22.585,13.541,23.838,15.043,23.298,11.822,22.676,14.562,22.562,12.484,24.647,11.491,23.117,14.082,21.545,13.977,22.349,12.722,21.278,14.776,21.851,15.077,23.548,13.575,22.746,12.726,23.1,15.888,22.923,12.84,24.119,11.02
"Jan 17, 2019",24.65,15.33,22.888,14.092,25.243,14.435,24.054,15.012,22.779,15.304,23.367,15.229,22.863,13.79,23.522,15.918,22.529,14.943,23.984,14.277,24.839,14.039,23.95,15.522,24.354,14.518,24.681,15.736,22.786,13.741,23.172,13.914,25.306,15.16,24.91,12.897,24.51,13.913,24.165,15.498,24.165,15.498,23.838,15.662,23.626,14.486,24.048,15.044,23.863,14.361,23.985,14.473,23.896,13.954,23.042,16.292,22.878,13.756,23.359,13.642,24.073,15.287,22.454,13.161,23.84,14.54,24.717,14.236,23.652,14.033,23.428,13.385,23.358,15.124,23.701,14.233,24.41,14.583,24.172,14.751,24.884,15.206,23.99,15.516,23.593,14.814,23.363,16.225,23.227,12.852,24.624,15.144,23.972,14.009,24.465,12.157,24.855,14.588,23.407,14.556,24.207,14.325,22.643,14.792,23.044,15.548,23.598,15.373,23.695,14.62,23.263,16.167,23.772,14.95,23.774,11.989
"Jan 25, 2019",24.645,14.969,22.587,14.238,26.802,15.247,24.578,14.911,23.107,15.639,24.374,15.612,23.054,14.431,23.796,15.893,23.052,15.321,26.308,15.678,26.564,14.373,24.664,16.059,23.694,14.833,24.87,15.948,22.661,14,23.014,14.035,25.835,15.431,22.947,13.66,25.254,13.245,23.802,15.238,23.802,15.238,24.471,15.772,24.642,14.708,23.5,15.824,24.806,14.87,23.744,14.861,25.668,14.278,22.715,16.088,23.41,14.783,23.187,13.372,24.969,15.786,22.775,13.869,23.856,14.403,24.137,14.26,23.114,13.358,23.094,13.248,24.649,15.057,23.174,13.699,23.085,15.169,24.087,14.936,25.702,15.061,23.911,15.744,23.059,14.651,23.93,16.005,22.109,13.807,25.612,15.396,23.482,13.726,23.728,12.904,26.582,14.987,24.015,14.974,24.268,13.828,24.076,15.803,23.211,15.948,24.811,15.508,23.808,14.493,22.915,15.766,23.505,14.812,23.376,12.442
"Feb 2, 2019",25.843,14.71,23.753,14.045,26.553,15.214,24.763,15.098,24.046,15.274,25.271,14.667,23.942,14.864,24.322,16.391,23.973,14.731,25.409,14.864,28,13.57,25.34,15.729,23.971,14.956,25.014,16.093,24.132,13.833,24.207,14.184,25.496,15.389,24.772,14.383,25.944,12.841,25.17,15.074,25.17,15.074,24.774,15.581,24.16,15.251,24.944,15.924,25.761,14.098,24.92,14.892,26.07,14.786,23.974,16.328,23.458,14.87,24.334,13.033,25.395,15.571,23.195,14.423,25.041,13.498,25.657,13.902,24.968,12.82,23.973,13.349,24.816,15.06,24.699,13.339,23.773,15.355,25.397,14.005,26.336,14.845,24.868,15.71,23.825,14.397,23.922,16.82,23.349,14.718,25.705,15.057,25.286,13.253,24.885,13.361,27.613,14.24,25.289,14.219,25.431,13.343,24.216,15.68,24.368,16.261,23.863,16.165,24.646,14.658,23.52,15.786,24.864,14.865,24.351,12.828
"Feb 10, 2019",25.909,15.59,22.734,15.705,27.557,16.627,26.066,15.077,24.085,16.6,25.235,16.164,22.071,16.255,24.155,16.317,23.964,16.14,26.818,16.414,28.257,15.141,25.447,17.145,22.594,16.576,25.54,16.717,22.588,15.509,23.112,15.061,25.531,16.887,22.315,16.424,25.843,14.04,25.195,15.648,25.195,15.648,25.209,15.798,22.939,16.404,25.224,16.788,25.161,15.606,25.064,15.669,27.001,15.341,23.857,16.015,22.824,16.205,23.711,14.563,25.095,16.652,21.842,15.604,25.363,14.973,25.399,14.862,25.056,14.425,23.734,14.713,25.286,15.137,25.001,14.367,22.317,16.852,25.707,15.127,26.876,15.751,25.587,16.135,23.057,15.485,24.089,16.334,21.678,16.072,26.056,16.217,24.408,14.507,22.907,14.859,28.221,15.7,24.9,15.669,25.001,14.307,25.281,16.636,24.287,17.316,22.86,16.807,23.703,16.126,24.263,15.321,24.331,15.936,22.458,15.017
"Feb 18, 2019",27.784,17.23,26.397,17.1,27.894,18.638,25.248,16.512,25.316,19.635,26.041,19.213,24.407,17.261,23.856,17.974,24.905,19.781,28.246,17.553,29.703,19.499,26.098,20.414,25.101,17.873,25.817,17.784,26.717,16.856,26.73,16.506,26.124,18.593,24.914,17.413,27.623,16.134,26.67,16.797,26.67,16.797,25.645,17.434,23.941,17.699,26.753,18.904,26.85,19.12,27.342,17.106,26.014,16.821,23.36,17.22,24.732,17.275,26.624,15.928,25.597,19.46,24.234,16.771,28.268,17.472,27.33,16.29,25.79,16.215,27.047,16.114,25.771,16.958,27.367,17.063,25.442,17.995,27.272,17.65,27.059,17.546,25.365,17.467,25.238,16.354,23.857,17.951,24.38,17.023,26.08,19.056,26.656,16.324,27.395,15.903,29.406,19.771,25.523,19.231,26.469,16.112,25.714,17.77,25.527,20.159,22.87,18.071,25.155,17.216,23.902,16.74,24.604,17.081,25.014,16.03
"Feb 26, 2019",24.415,15.28,24.374,16.495,26.528,16.623,25.88,15.068,23.606,18.432,23.789,16.596,24.375,16.874,24.195,16.464,23.578,17.895,27.286,15.924,25.062,17.612,23.864,18.406,24.653,16.909,23.977,15.938,23.897,16.207,23.978,15.377,24.077,16.388,24.216,17.205,24.369,15.023,24.703,15.264,24.703,15.264,24.484,15.384,25.07,16.499,24.083,17.299,24.888,16.726,24.157,15.852,26.282,15.638,23.271,15.658,24.898,16.383,24.494,15.141,23.461,17.133,24.868,16.225,24.014,15.722,24.867,15.536,23.964,15.72,24.429,15.121,25.624,14.787,23.875,14.505,23.564,16.883,24.512,16.724,25.317,15.719,24.287,15.732,24.556,16.309,23.799,15.781,24.185,17.065,24.674,16.58,24.695,15.595,26.758,15.638,24.848,17.796,24.269,16.781,24.274,15.613,25.284,16.057,23.695,18.896,23.941,16.737,24.447,16.49,23.929,15.163,24.404,15.796,24.997,16.054
"Mar 6, 2019",27.592,18.581,28.465,18.571,28.721,19.95,28.36,17.954,25.911,21.3,26.884,20.378,27.317,16.877,26.505,17.844,26.143,20.796,28.305,18.474,28.536,20.591,27.674,21.585,27.625,18.1,25.663,18.763,28.46,17.812,28.176,18.747,26.729,19.699,27.003,17.33,28.718,18.911,27.554,17.507,27.554,17.507,26.412,18.664,27.028,17.584,27.027,20.845,28.249,20.059,28.131,19.375,28.254,18.762,25.301,17.96,26.875,17,29.349,18.143,26.68,20.871,26.663,16.173,26.851,19.63,28.807,19.253,27.675,18.378,29.034,18.042,27.41,18.538,26.894,18.422,27.053,18.393,27.317,20.25,27.083,19.144,26.355,18.308,28.372,17.32,25.683,17.881,26.474,16.651,27.787,20.386,29.417,17.838,29.097,15.952,28.502,20.913,27.403,20.276,28.72,18.717,27.219,19.159,26.279,21.99,26.388,17.686,26.993,17.897,26.498,17.621,27.31,17.489,27.862,16.453
"Mar 14, 2019",30.711,21.698,30.177,20.967,30.251,21.804,29.796,19.627,27.608,23.025,28.929,22.921,28.635,19.448,27.026,20.883,27.596,22.819,30.858,20.247,29.85,22.738,27.971,23.65,28.233,20.813,28.772,22.065,30.395,20.018,28.797,21.992,29.386,22.689,27.468,19.666,31.947,21.796,29.213,21.131,29.213,21.131,28.309,20.929,27.994,19.987,27.681,23.071,29.507,23.084,29.311,22.331,30.216,20.92,27.054,20.903,28.735,19.29,31.061,21.109,27.997,23.512,28.183,18.591,30.256,22.658,31.003,22.505,29.774,21.356,31.366,21.513,29.279,20.785,30.104,21.878,27.89,20.526,28.894,22.789,29.859,22.319,28.796,21.638,29.725,20.45,26.033,20.589,26.949,18.943,29.21,22.839,30.895,20.931,30.114,18.377,29.483,23.226,28.625,22.556,31.524,21.622,29.355,21.033,27.496,23.46,26.304,20.326,28.082,20.573,26.949,19.914,28.166,20.385,28.563,18.485
"Mar 22, 2019",31.152,20.711,31.402,20.06,31.711,20.893,29.832,19.398,28.366,22.519,29.157,21.196,28.546,19.118,27.863,20.765,28.844,22.196,32.428,20.274,31.384,21.526,29.297,22.755,28.575,20.448,28.574,20.9,30.989,19.281,30.942,19.405,29.353,21.309,27.731,18.992,33.221,19.865,30.157,20.728,30.157,20.728,28.296,20.392,28.747,19.685,28.713,20.908,29.838,21.393,30.808,19.874,32.387,19.574,27.457,20.644,29.255,18.682,32.945,19.649,29.017,21.962,28.406,18.483,31.551,20.34,32.252,20.199,30.56,20.257,32.498,19.23,29.559,19.785,30.841,19.97,28.688,19.619,30.552,20.607,30.395,20.781,28.996,21.009,31.461,19.777,26.984,20.334,27.294,18.755,30.233,21.363,32.794,20.015,28.78,18.267,30.895,21.879,29.535,21.491,33.132,19.851,31.544,20.454,28.181,23.165,27.167,19.888,29.373,20.156,28.388,19.639,29.304,20.129,28.563,18
"Mar 30, 2019",27.467,22.92,27.276,21.645,28.555,21.616,27.715,19.021,27.505,23.814,26.954,21.842,26.2,19.787,24.777,19.471,26.256,23.473,30.897,21.619,29.091,23.509,27.417,23.544,25.025,19.602,25.277,22.858,27.991,21.218,29.58,23.095,26.212,22.425,25.883,20.199,28.523,21.687,25.695,22.375,25.695,22.375,25.844,21.505,25.382,20.057,26.904,23.471,27.802,21.596,27.903,22.467,27.536,21.189,24.526,20.164,24.958,19.252,29.034,22.316,27.031,23.155,25.528,18.861,26.62,20.979,29.124,21.595,27.115,22.321,30.451,22.72,26.296,21.68,27.46,21.155,25.848,20.622,28.461,21.73,27.094,22.649,25.267,22.437,27.355,20.783,24.904,19.929,25.424,18.648,27.973,22.961,28.116,20.869,26.554,19.242,28.886,23.1,27.354,22.463,29.576,22.022,28.38,21.695,28.068,24.368,25.074,20.01,24.751,19.465,26.628,19.198,24.878,19.855,26.529,19.931
"Apr 7, 2019",29.852,21.63,27.278,21.292,29.988,21.234,28.377,21.735,28.497,22.334,27.7,20.91,25.982,22.081,27.359,22,28.616,21.916,30.753,20.958,29.905,21.599,29.079,22.444,27.585,21.866,29.289,22.193,27.188,20.741,28.519,21.399,29.314,21.951,25.535,21.463,29.645,21.325,29.092,21.756,29.092,21.756,28.305,22.092,26.733,21.941,27.621,21.385,28.861,20.523,27.766,21.249,30.089,20.27,27.291,21.694,26.509,22.078,28.611,20.722,28.789,21.929,26.393,21.327,28.723,20.847,28.94,21.022,28.426,21.092,28.826,21.258,30.201,22.183,28.994,21.983,24.991,22.144,28.543,20.462,29.312,22.169,28.612,21.773,28.007,21.147,26.547,21.851,25.587,20.168,29.734,21.482,29.132,20.76,26.812,19.921,29.914,21.55,29.003,21.24,29.456,21.068,29.528,21.041,27.735,22.797,26.09,22.383,27.647,21.004,27.609,21.674,28.004,21.046,26.232,20.503
"Apr 15, 2019",31.145,23.518,30.366,22.954,31.576,24.19,28.539,22.444,29.248,24.28,28.781,23.581,27.991,22.753,28.582,22.538,28.956,23.885,33.899,23.425,30.066,23.388,28.823,24.47,29.207,22.461,29.639,23.504,30.965,22.979,31.071,22.448,29.694,24.003,27.226,22.604,32.299,23.427,30.19,23.206,30.19,23.206,28.383,22.67,29.025,22.187,29.368,23.461,28.884,23.774,30.892,23.387,31.945,23.208,28.231,22.456,27.812,22.637,30.353,22.833,28.663,24.232,28.502,22.171,30.783,23.606,31.339,23.376,30.093,23.441,30.585,22.455,28.959,22.715,30.761,23.54,28.985,22.176,30.453,23.335,30.833,23.85,29.208,23.088,31.104,22.705,27.695,22.256,27.425,22.233,30.36,24.204,30.599,22.908,28.373,21.739,29.612,23.776,28.642,23.896,32.091,23.517,31.273,23.923,29.362,24.639,27.37,22.244,29.782,22.546,27.411,22.609,29.575,22.502,28.156,21.868
"Apr 23, 2019",32.272,25.25,31.256,24.777,32.713,24.067,31.662,22.34,30.303,25.214,30.506,25.008,29.426,23.305,30.285,23.222,30.273,24.785,34.385,23.38,32.043,24.617,30.789,25.354,30.024,23.487,31.117,24.168,31.309,24.422,32.966,25.599,31.179,24.345,28.213,23.601,31.748,25.24,31.388,24.769,31.388,24.769,31.285,23.239,30.13,23.319,30.488,25.372,30.8,24.556,31.804,25.299,32.796,23.253,30.306,22.774,29.062,22.998,32.807,25.517,30.647,25.157,29.817,23.077,31.872,25.098,30.986,25.022,30.068,25.228,33.877,25.849,31.426,22.863,32.189,24.697,29.756,23.731,30.163,25.191,32.025,25.1,30.622,24.368,31.924,24.479,29.591,22.335,29.174,23.134,32.092,24.544,32.035,25.304,30.358,23.013,31.986,24.919,30.458,24.503,32.544,25.692,32.843,23.894,30.387,25.26,29.363,22.96,30.608,23.927,30.312,22.049,30.315,24.026,29.586,23.229
"May 1, 2019",31.279,25.29,30.503,24.254,30.961,24.493,28.925,23.771,29.356,24.628,29.135,24.691,28.306,23.989,29.089,24.612,28.417,24.414,31.598,23.265,29.36,24.965,28.937,25.439,29.963,24.297,29.935,25.156,31.168,23.684,31.588,24.268,30.524,25.238,29.245,22.997,30.34,24.995,30.655,25.206,30.655,25.206,29.543,24.925,28.98,24.108,31.173,24.237,28.616,24.935,31.699,24.375,30.061,23.697,29.005,24.857,26.612,23.384,31.579,24.569,29.144,25.406,27.643,22.861,28.963,24.762,30.518,24.761,29.938,25.08,31.53,24.275,28.62,25.076,30.411,25.016,30.737,23.845,30.475,24.724,31.521,25.359,29.987,25.051,30.76,24.624,28.224,23.86,28.479,22.932,30.465,25.25,30.443,25.019,29.117,22.645,29.45,25.148,28.207,24.762,29.911,25.069,31.369,23.974,29.926,24.452,27.898,23.941,29.863,24.613,28.073,23.067,29.851,24.776,29.684,22.362
"May 9, 2019",29.537,23.799,30.426,23.644,30.349,23.219,29.156,24.078,29.274,25.068,29.299,23.521,28.477,22.218,29.025,21.71,28.712,23.745,31.357,22.289,30.265,23.373,28.91,24.615,28.805,23.611,30.327,22.54,30.882,23.809,32.596,23.221,29.849,22.733,28.785,21.672,28.057,23.903,29.841,23.273,29.841,23.273,30.009,23.232,28.162,22.773,31.372,25.958,30.1,23.423,32.237,24.933,29.873,22.754,28.632,23.327,27,21.924,31.376,23.397,28.784,24.198,28.239,22.185,28.436,23.266,29.939,24.511,27.836,23.771,32.082,22.853,29.814,23.363,29.539,23.995,30.103,23.036,29.245,23.93,30.212,24.271,29.726,23.254,30.26,22.64,27.625,22.319,27.976,21.614,29.767,23.56,28.717,23.233,29.288,21.31,30.067,24.035,29.346,23.427,28.683,24.178,29.551,22.652,29.777,25.398,28.679,20.125,28.116,23.386,27.326,23.577,28.921,22.853,28.773,22.104
"May 17, 2019",30.911,24.14,30.984,24.244,31.045,24.701,29.423,24.546,29.346,24.379,28.38,23.32,28.313,21.585,27.532,24.091,28.926,23.765,31.405,23.103,30.667,24.435,29.409,24.624,29.716,23.687,28.55,24.896,31.929,24.213,30.363,24.195,30.481,23.956,30.594,22.496,28.913,23.828,29.164,24.393,29.164,24.393,29.612,25.228,28.288,23.405,31.047,24.18,28.754,23.077,30.52,24.278,28.906,24.042,28.006,24.758,25.641,20.92,30.116,23.45,30.04,23.811,28.996,21.514,28.237,23.248,30.37,24.411,29.677,23.87,30.534,24.236,27.705,24.74,29.491,23.667,31.651,24.133,29.807,24.321,30.673,23.689,28.737,24.448,30.338,23.985,27.694,24.154,29.199,22.163,31.033,24.183,30.443,23.966,29.068,22.853,30.16,24.568,29.117,23.169,30.168,24.121,29.529,24.099,29.319,24.965,27.634,23.53,30.159,23.424,27.774,24.792,29.702,23.735,29.412,22.974
"May 25, 2019",29.534,24.95,30.884,25.596,29.681,23.9,29.053,24.473,29.371,24.674,28.944,24.851,26.856,24.018,28.699,25.008,28.935,24.541,29.933,21.921,30.014,24.885,29.065,25.247,28.162,24.572,29.684,24.796,31.866,25.886,30.592,25.481,29.659,25.385,28.357,23.797,29.184,24.535,29.791,24.602,29.791,24.602,28.145,24.8,27.206,23.575,31.316,25.396,28.705,24.375,31.36,25.902,29.188,24.043,28.533,24.692,25.79,24.031,30.214,25.806,29.26,25.636,25.06,23.353,28.988,25.115,30.429,25.132,28.53,24.425,30.778,24.717,28.381,24.291,29.17,24.81,30.622,24.72,31.832,24.659,29.638,25.17,30.283,24.53,29.463,25.467,27.175,24.672,25.512,23.735,30.25,25.481,29.723,25.114,28.248,22.904,29.972,24.843,28.356,24.823,28.86,25.306,28.648,23.533,29.774,25.06,26.969,24.28,29.351,24.867,26.799,24.75,29.488,24.454,28.963,23.27
"Jun 2, 2019",28.417,17.771,29.149,25.27,26.444,23.225,27.041,18.058,27.651,25.445,28.636,17.986,27.289,26.001,27.285,17.268,27.889,21.28,25.22,22.215,27.436,22.066,26.845,24.839,28.951,25.537,28.647,21.191,30.632,23.985,28.071,25.92,26.579,21.884,29.031,25.286,28.104,22.446,26.702,20.365,26.702,20.365,29.541,,27.694,24.325,27.657,26.042,28.859,18.867,27.615,25.454,29.796,21.706,29.222,21.752,26.946,25.312,27.239,24.052,25.662,21.507,29.963,24.715,28.465,19.468,27.124,24.812,27.737,18.162,28.138,25.716,25.813,20.984,27.747,17.288,29.763,26.497,28.754,26.171,30.02,17.151,28.164,19.62,28.708,25.439,27.739,15.75,30.292,25.335,25.213,23.337,27.979,22.948,30.507,25.26,26.85,24.787,28.725,18.986,26.245,20.824,29.432,22.6,26.777,26.01,26.338,23.802,28.444,22.148,27.631,,27.552,19.046,30.556,24.576
"Jun 10, 2019",28.906,24.77,30.388,25.712,28.653,23.891,31.06,26.649,29.047,24.206,28.181,25.132,29.689,24.376,29.688,25.385,28.498,24.564,28.939,21.903,28.431,24.258,27.503,25.368,29.664,25.108,29.183,26.645,32.625,25.694,28.786,25.982,29.282,25.795,30.662,24.86,27.672,25.25,29.23,25.832,29.23,25.832,28.78,26.261,29.529,24.584,29.836,25.053,28.672,24.866,29.605,25.047,27.834,23.961,28.436,26.281,29.687,25.359,29.174,25.29,27.983,25.643,31.91,24.768,28.16,24.804,28.486,24.851,29.052,24.526,29.229,26.167,29.01,25.792,28.465,25.332,30.126,25.994,28.758,25.571,29.648,25.942,27.929,26.235,29.116,25.589,28.634,25.457,32.861,25.111,28.675,25.361,29.672,25.154,34.436,25.164,28.689,25.078,28.172,25.046,28.575,24.857,28.025,23.069,29.164,24.979,27.928,24.199,29.465,25.354,27.826,25.786,29.891,24.856,33.513,24.763
"Jun 18, 2019",29.78,25.36,31.443,25.953,29.174,24.693,29.906,25.454,29.081,25.068,25.395,25.302,33.145,25.68,30.572,26.614,26.554,24.964,27.863,23.256,26.295,25.367,29.051,25.296,30.061,26.26,30.883,26.181,31.604,26.237,29.344,25.379,29.891,25.858,33.853,26.174,27.392,24.787,29.915,25.586,29.915,25.586,30.524,26.414,30.375,26.195,30.474,25.84,25.445,25.713,29.86,25.183,28.462,24.017,29.479,26.121,27.438,26.118,30.914,25.285,27.221,25.56,29.913,25.427,25.483,24.669,27.721,25.521,28.596,25.433,33.498,25.552,29.799,25.07,25.004,25.285,30.067,26.589,29.561,25.009,27.872,25.506,30.263,25.555,30.655,26.296,28.508,26.718,32.624,26.042,29.33,25.836,29.549,25.979,32.247,26.565,28.435,24.968,26.933,25.861,28.191,25.472,27.802,23.388,29.396,25.468,31.369,26.003,27.48,26.153,28.021,26.498,29.449,26.257,30.282,26.181
"Jun 26, 2019",26.303,,28.057,,28.9,,29.61,27.254,27.586,25.885,26.831,,30.183,25.702,29.36,26.322,27.606,,28.63,,26.828,21.908,27.466,,19.726,,27.732,27.164,29.306,,31.802,26.354,28.179,,25.766,25.727,27.791,,23.133,,23.133,,28.812,27.218,28.074,25.32,31.16,,26.552,,26.001,26.11,28.739,,25.784,26.67,28.159,24.73,28.458,26.348,23.199,,25.729,,27.746,,28.267,,26.468,,28.539,,29.572,26.805,24.538,,29.563,,28.326,,25.781,,25.965,,27.982,,24.912,26.49,25.873,26.227,26.782,,27.515,,32.254,25.899,27.44,,28.232,,29.272,,27.636,,28.564,,30.811,26.188,28.269,,24.259,26.343,29.09,,,25.737
"Jul 4, 2019",23.05,,26.266,,,,,,,,,,1.063,,,,,,,,,,,,,,26.204,,28.444,,,,25.124,,,,24.104,,,,,,,,,,20.519,,,,25.028,,17.878,,,,21.938,21.627,26.43,,,,,22.236,,,,,25.153,,25.534,,,,22.812,,,,,,,,,,,,22.95,,,,26.682,,26.579,,,,,,,,24.7,,20.338,,26.831,,,,,,,,,,,
"Jul 12, 2019",30.789,,31.697,26.129,30.161,24.382,26.529,26.149,31.24,25.668,30.153,26.177,30.625,24.689,30.771,25.139,30.458,25.37,28.94,,30.368,26.128,29.138,25.779,30.612,25.462,26.241,,32.067,,32.003,,,26.009,31.37,25.041,30.23,24.285,30.639,25.822,30.639,25.822,28.807,26.671,27.896,24.416,32.831,26.09,31.348,26.063,32.74,25.682,30.158,22.329,25.939,24.604,26.13,23.647,30.526,,29.177,,24.68,25.16,30.361,,31.074,24.414,28.715,25.191,32.14,,29.716,26.511,29.949,,31.798,24.067,31.629,25.799,31.957,,29.665,,31.033,26.93,26.788,26.262,30.457,25.344,28.596,26.191,30.183,26.311,29.337,24.682,29.848,26.044,29.78,26.193,29.833,26.321,27.883,21.894,31.522,26.249,29.77,25.62,28.331,23.075,26.532,25.592,29.646,25.122,29.36,24.329
"Jul 20, 2019",28.47,26.647,28.561,27.001,24.51,25.951,,20.812,27.401,25.294,26.239,26.057,13.136,26.635,,26.787,27.343,24.984,28.869,24.98,28.208,26.088,25.92,26.118,24.352,26.629,27.669,26.81,28.492,26.687,29.216,25.479,29.252,27.069,22.756,27.107,26.704,25.979,,26.677,,26.677,27.528,,27.223,26.194,28.118,26.306,29.039,26.461,28.664,25.88,25.527,24.998,25.402,21.903,23.739,26.903,27.787,25.561,27.409,26.111,18.562,26.804,27.94,26.365,27.987,25.998,26.717,26.587,29.482,25.909,,,26.538,26.417,28.42,27.592,29.523,26.165,27.285,26.282,27.055,25.307,28.431,26.717,25.993,26.949,18.344,26.512,30.558,26.816,27.846,26.625,24.02,26.606,27.744,26.164,28.675,27.151,24.44,26.178,26.133,24.704,27.947,25.667,28.089,21.219,26.43,27.019,25.078,,27.106,27.538,20.591,26.661
"Jul 28, 2019",29.645,25.57,28.607,26.028,28.652,23.285,30.658,23.35,27.252,24.98,25.836,25.647,26.259,,28.133,25.811,25.986,,27.419,19.131,25.331,,25.661,24.242,24.981,,27.295,26.422,25.766,26.494,27.202,,27.746,,27.898,,28.515,25.567,29.428,25.672,29.428,25.672,29.034,26.45,26.248,25.213,28.744,26.195,27.673,,27.658,25.184,29.96,,27.018,26.432,26.48,23.361,26.789,25.495,24.787,,27.526,20.95,27.448,26.14,29.431,25.391,27.563,25.95,27.564,,30.822,,26.807,,28.979,26.488,28.612,25.901,28.91,,27.045,,27.451,,27.598,,28.908,20.67,27.166,23.534,26.391,,,,24.094,,27.137,,26.822,25.199,28.664,20.106,27.481,24.523,27.084,25.744,26.055,26.028,28.25,20.835,27.65,26.263,,
"Aug 5, 2019",28.043,,27.501,,24.003,24.171,32.711,28.602,28.752,,24.79,,32.618,27.263,32.964,28.202,27.19,,27.564,,22.568,,27.359,24.223,27.052,26.204,28.781,,27.784,,29.207,,28.291,,,27.411,25.797,,28.99,,28.99,,29.894,,27.751,27.92,30.007,,7.528,,31.246,,26.958,,27.854,28.233,27.669,28.01,30.425,,25.284,24.062,30.989,26.709,25.743,,,,24.722,,31.264,,30.862,27.762,27.445,,24.038,,25.752,,29.899,,29.319,,26.602,,31.84,26.93,30.926,,26.052,22.985,28.625,,32.347,25.605,27.245,,28.555,,29.057,,27.172,20.677,29.102,,32.104,27.264,26.188,28.077,30.233,,27.282,28.482,,27.941
"Aug 13, 2019",29.021,25.37,29.059,,25.756,23.549,27.25,,27.898,24.992,28.585,25.742,29.819,25.79,29.256,25.183,28.051,24.931,26.625,18.742,26.296,25.891,27.169,25.078,29.196,26.378,28.981,,29.139,25.236,27.888,25.109,28.506,,30.102,26.248,28.242,25.345,27.855,,27.855,,28.649,,29.353,25.174,28.508,25.313,29.958,25.577,27.933,24.664,26.626,23.482,23.071,,27.532,25.134,27.25,25.336,22.582,24.351,26.65,25.787,28.156,26.12,28.542,,28.743,25.516,,25.078,27.392,,28.06,23.803,29.294,26.4,27.612,,28.076,25.359,29.358,,29.157,25.632,24.577,,29.852,25.925,26.709,25.685,28.379,25.803,30.029,26.105,27.094,25.765,29.896,25.585,26.412,25.417,24.605,24.646,27.926,25.755,29.842,,29.533,25.936,22.99,,30.103,25.008,29.79,25.868
"Aug 21, 2019",31.089,25.479,29.271,26.525,29.092,25.569,30.345,26.107,27.899,25.627,28.882,25.817,31.915,25.687,31.327,26.204,26.677,25.879,27.667,24.243,20.36,24.655,28.968,26.155,30.252,26.536,30.735,26.142,28.8,26.61,30.863,26.036,30.458,26.563,31.341,25.404,29.277,25.46,31.144,25.749,31.144,25.749,30.282,,30.878,25.298,30.283,26.12,29.346,25.32,31.448,25.316,28.49,24.659,29.503,26.838,31.544,26.464,29.375,25.492,28.297,26.865,30.889,25.816,29.638,25.665,30.731,25.418,29.551,25.705,32.001,26.118,29.039,,29.757,25.361,29.692,27.255,28.753,26.586,30.698,25.62,31.34,25.962,30.421,27.878,30.399,25.553,31.536,25.442,29.368,27.048,29.594,26.148,30.78,25.763,24.424,24.609,27.88,25.521,30.203,25.652,26.182,24.682,28.369,25.805,28.688,25.742,29.668,26.308,28.57,26.07,31.208,25.877,31.057,26.379
"Aug 29, 2019",29.906,,29.242,25.671,29.282,,30.016,27.571,25.736,,26.667,,29.722,27.963,31.121,27.381,26.104,,29.083,19.419,26.915,,26.38,,29.313,26.833,28.483,,30.355,,30.658,24.705,29.731,,31.434,26.846,26.924,25.45,28.935,,28.935,,27.71,,31.153,27.628,28.258,,26.868,,29.746,25.067,29.289,,26.995,,28.081,27.654,29.568,25.45,26.321,,30.84,27.591,27.567,,30.174,,28.235,25.51,30.929,,29.89,27.116,28.304,,29.523,,27.544,,29.496,,29.981,,29.216,25.659,27.097,27.44,31.09,27.486,28.439,,28.988,25.801,32.252,27.244,27.549,,25.18,,27.986,25.464,28.102,,26.785,,31.075,27.623,27.898,25.664,27.405,27.814,28.663,25.549,32.617,25.844
"Sep 6, 2019",26.71,,25.878,26.63,23.284,21.342,24.806,,23.421,23.604,23.21,,27.061,24.11,24.842,,23.317,23.498,24.513,,19.99,25.548,,22.026,21.759,,24.567,23.485,26.532,,23.69,24.637,,,27.496,,28.142,,,,,,23.464,,19.627,,25.474,24.934,23.45,,24.798,24.76,27.47,,23.594,23.792,27.522,21.818,23.473,25.286,,,25.379,22.217,,,27.105,25.047,23.968,25.715,23.647,24.677,28.82,,21.003,,25.98,,21.74,,,,,22.825,25.925,26.38,24.851,,25.229,22.555,23.441,,22.526,26.037,28.204,,,24.186,22.608,22.95,26.283,25.423,26.435,20.426,25.321,25.318,27.695,,23.366,26.275,25.213,,16.597,,27.3,
"Sep 14, 2019",32.433,25.799,31.004,26.168,30.12,25.661,31.97,26.166,29.08,25.811,28.895,26.126,30.017,25.546,31.684,26.134,28.981,25.668,29.043,20.476,29.2,25.913,27.754,26.676,31.032,25.634,31.592,26.99,30.656,26.582,32.186,24.909,31.266,26.823,29.514,25.819,31.142,25.542,32.276,25.828,32.276,25.828,31.641,26.442,31.623,25.878,31.053,25.821,29.444,26.037,31.317,24.996,29.397,24.712,30.758,27.248,29.565,25.645,30.878,25.785,27.99,26.713,29.388,25.144,30.239,25.632,31.433,25.49,30.073,25.598,32.352,25.308,31.176,25.592,29.753,26.277,30.483,26.367,30.769,26.113,31.261,26.026,31.169,26.324,31.801,26.066,31.597,26.967,29.405,25.175,28.461,26.894,31.003,26.388,29.67,25.177,28.755,26.485,29.511,25.954,30.746,25.889,28.61,24.872,29.329,26.091,31.121,25.969,30.641,25.995,31.024,26.979,31.257,25.697,29.661,25.267
"Sep 22, 2019",27.547,20.31,27.883,,29.234,18.511,27.955,24.329,27.136,18.809,26.791,20.943,26.884,,28.699,,26.037,18.463,28.146,,27.648,20.304,26.516,,25.554,,25.27,,28.144,,29.816,18.265,25.7,,27.788,,31.884,21.492,27.222,,27.222,,28.133,,27.065,,28.493,19.8,27.278,20.208,28.622,18.292,28.149,22.893,26.828,,26.186,24.911,28.959,18.614,24.297,,26.266,13.73,27.686,19.968,30.514,21.754,24.919,19.24,30.184,,26.758,23.721,,21.372,28.942,,26.693,21.479,26.159,20.843,,,22.44,,28.694,,26.684,,28.024,,27.913,19.462,28.142,,27.254,20.325,27.852,19.907,30.726,21.455,27.03,22.399,26.547,23.246,28.107,,25.104,,27.2,25.658,26.39,18.55,28.245,
"Sep 30, 2019",29.399,23.05,27.799,22.394,28.057,23.073,26.587,21.826,28.03,24.124,26.412,24.331,27.325,21.413,26.951,23.457,27.377,22.831,27.5,22.118,26.142,23.498,25.684,24.022,27.257,23.15,28.642,25.227,26.556,22.246,29.139,22.221,28.401,24.799,27.273,21.937,28.029,24.252,29.461,23.466,29.461,23.466,27.838,23.362,26.26,20.304,28.763,23.589,26.935,23.364,28.584,22.666,27.388,21.536,26.017,25.441,25.702,23.337,27.501,22.564,26.304,24.134,27.078,22.08,28.021,24.983,28.458,23.263,27.972,24.012,29.696,22.09,26.757,21.957,27.809,24.841,27.441,22.704,28.782,24.953,29.696,21.196,28.011,24.374,27.903,23.21,25.787,23.055,27.171,22.217,26.93,23.835,27.846,23.594,27.122,22.563,25.704,24.285,27.191,22.525,27.839,23.553,27.197,21.654,28.275,24.904,26.424,20.698,27.501,23.821,25.673,24.413,27.795,23.597,27.164,22.716
"Oct 8, 2019",30.779,22.67,27.721,23.262,28.518,23.015,28.743,24.145,28.127,24.412,27.467,23.468,27.31,22.549,28.428,23.129,28.075,23.9,27.246,22.366,27.152,23.866,26.733,23.817,28.62,23.14,29.011,23.478,26.259,22.91,30.36,21.98,29.132,22.968,26.648,22.287,29.211,23.507,29.474,22.512,29.474,22.512,29.497,23.314,29.526,23.484,28.533,23.389,27.613,23.034,29,22.308,27.654,21.29,27.666,24.355,27.638,23.438,28.848,22.557,27.598,23.735,27.505,22.45,29.024,23.684,28.512,22.542,29.135,22.882,30.413,21.38,29.285,22.957,28.965,23.75,26.385,23.167,29.107,24.213,29.724,22.962,28.73,22.614,28.708,23.379,27.989,24.011,27.424,21.634,27.638,23.608,29.058,23.609,28.092,22.617,26.736,23.608,28.269,23.305,29.334,23.02,27.396,22.281,28.309,24.746,29.74,23.391,28.877,23.607,27.968,25.058,29.086,22.849,27.962,22.162
"Oct 16, 2019",30.591,24.09,28.856,23.297,29.122,24.081,29.231,22.891,27.955,24.541,27.648,23.959,28.302,21.033,28.779,23.175,27.711,23.923,28.191,22.586,27.813,23.266,27.653,24.294,28.335,22.345,29.611,24.595,28.478,21.926,30.33,22.571,29.322,24.036,27.63,20.518,29.309,24.054,29.704,23.733,29.704,23.733,29.348,23.905,29.16,22.581,29.031,23.367,27.523,23.768,29.294,22.524,28.165,22.375,28.811,25.01,28.059,22.153,28.894,22.579,27.753,24.342,28.078,21.346,28.85,24.105,29.082,23.054,29.708,24.019,30.305,22.801,28.65,22.8,28.849,24.498,27.98,21.919,29.348,24.495,30.428,24.41,29.457,24.083,28.895,23.58,28.474,24.092,27.659,21.154,28.486,24.598,29.145,24.191,27.664,21.373,27.703,23.663,27.582,24.001,28.955,23.691,27.756,22.871,28.342,24.995,28.49,22.365,28.813,23.734,28.448,25.072,29.211,23.183,26.887,20.519
"Oct 24, 2019",29.278,20.301,26.956,21.087,28.487,21.941,27.607,21.729,26.825,22.681,26.183,21.659,25.988,20.711,28.043,19.713,26.342,22.055,27.562,21.43,25.633,22.152,25.632,22.203,27.609,20.037,28.238,22.055,26.915,20.462,28.03,19.582,28.638,21.894,27.056,20.625,28.045,20.224,28.74,19.927,28.74,19.927,28.672,21.725,28.272,19.662,27.47,20.255,25.898,20.856,26.872,18.991,27.192,20.929,27.561,22.052,26.443,20.477,27.104,19.803,26.509,22.132,27.301,19.283,27.705,20.81,27.101,19.55,28.319,20.069,28.425,20.075,27.584,21.629,27.705,21.521,26.691,20.663,28.106,21.512,29.051,21.262,27.723,20.747,26.968,21.208,27.791,21.57,27.057,19.819,27.001,22.208,27.514,21.069,27.214,19.938,25.594,22.153,25.991,21.326,27.273,20.171,26.53,21.811,27.062,22.887,27.687,19.677,27.915,20.636,27.031,23.119,28.609,19.699,27.409,19.673
"Nov 1, 2019",29.469,21.89,27.992,21.573,28.482,21.353,28.218,22.867,26.93,23.547,26.69,23.136,27,20.692,28.05,21.198,26.836,23.292,27.221,21.516,26.611,22.397,26.98,23.279,27.845,20.869,28.536,22.186,28.184,21.099,29.388,20.378,28.431,21.51,27.039,20.277,28.257,21.954,28.376,21.39,28.376,21.39,28.662,22.454,28.521,21.534,27.608,21.845,26.513,22.123,27.967,20.497,27.057,19.855,27.875,22.8,26.988,21.335,28.348,20.719,26.847,22.869,27.348,20.932,28.346,22.519,27.875,21.396,28.553,22.055,29.315,19.321,28.345,22.279,28.567,22.212,27.584,21.664,27.666,23.582,28.784,22.285,27.527,21.619,28.27,21.751,27.923,22.597,27.351,20.121,27.508,22.25,28.599,22.034,27.727,20.051,26.802,22.766,26.638,22.534,28.11,21.981,27.36,21.412,27.339,23.936,28.036,21.259,28.68,21.299,27.341,24.005,28.842,20.978,27.703,20.353
"Nov 9, 2019",27.021,20.919,27.606,20.017,27.217,21.812,26.444,21.326,26.01,22.371,24.987,22.145,27.674,19.787,26.975,20.544,25.226,22.07,27.437,21.578,25.165,21.943,26.001,22.564,28.419,19.573,26.334,21.317,26.964,18.882,28.562,19.252,24.979,21.34,27.2,18.978,27.769,20.347,26.819,20.559,26.819,20.559,26.332,20.922,28.134,20.08,27.35,20.174,24.59,21.45,28.354,19.205,25.814,20.714,26.689,21.829,28.184,20.314,28.241,19.626,24.96,22.354,28.368,19.622,26.115,21.656,28.819,19.427,27.25,20.592,28.71,19.229,26.091,20.976,26.779,21.818,27.255,19.24,27.349,21.249,26.336,21.396,26.526,20.742,28.403,20.078,26.816,21.545,27.587,19.173,25.072,22.182,28.691,20.159,28.576,19.181,25.363,22.317,24.877,21.658,28.374,20.12,26.836,21.633,26.294,22.604,26.766,19.701,28.402,20.046,25.585,22.607,27.813,20.019,28.276,18.476
"Nov 17, 2019",28.017,17.7,26.566,18.176,26.965,17.091,26.016,18.733,26.015,19.818,26.503,18.739,26.819,16.43,26.121,17.794,25.82,19.06,25.512,16.719,25.642,17.794,26.148,19.756,26.959,16.663,27.665,18.482,26.957,17.459,28.288,16.061,27.524,18.197,26.286,16.288,27.827,16.985,27.146,17.836,27.146,17.836,27.007,18.546,26.591,17.02,27.377,17.705,26.047,17.155,27.756,16.239,25.108,16.506,27.137,19.494,26.149,17.414,27.383,16.528,26.177,19.505,27.473,16.66,27.75,18.006,28.089,16.104,27.825,17.377,28.379,15.966,26.129,17.813,27.444,18.609,26.67,16.968,27.415,18.212,27.987,18.461,27.247,18.219,26.792,17.337,26.114,19.522,27.664,16.783,26.663,19.065,27.611,16.717,27.837,17.442,26.226,18.698,25.895,17.669,27.541,16.82,24.83,18.164,26.425,20.152,25.852,17.194,27.289,17.25,25.649,21.22,26.936,16.921,27.482,16.556
"Nov 25, 2019",27.854,18.17,27.42,17.936,26.635,18.884,26.307,18.749,26.031,20.775,26.181,19.627,27.308,17.328,26.862,18.396,25.713,20.063,25.876,18.908,25.944,18.963,25.927,20.402,27.709,17.172,27.35,19.062,27.398,17.205,26.707,17.077,26.83,18.795,27.831,16.379,28.225,17.541,26.868,18.553,26.868,18.553,26.76,18.988,27.035,17.498,27.53,18.919,25.882,18.479,27.713,17.252,24.967,17.232,27.029,19.619,26.678,18.043,26.884,17.262,25.91,19.761,27.256,17.434,27.999,18.415,28.013,17.487,27.74,17.648,27.077,16.998,25.592,18.469,27.694,18.974,28.056,17.123,27.879,19.23,27.905,18.778,27.002,18.477,26.798,18.273,26.519,19.436,27.251,17.199,26.227,19.724,26.907,17.678,27.838,17.254,26.369,19.626,25.86,18.913,27.062,17.642,24.422,19.5,26.561,21.337,27.019,17.906,26.906,17.859,25.758,20.897,27.239,17.614,28.155,16.402
"Dec 3, 2019",25.86,16.345,24.586,16.265,25.415,15.732,24.997,16.068,23.713,18.34,24.528,17.213,24.763,14.775,24.865,16.541,23.562,17.783,23.894,15.223,24.791,16.818,24.552,18.117,25.32,15.664,26.048,16.4,24.659,15.634,24.33,15.371,25.53,16.302,25.454,14.366,25.991,16.199,24.767,16.306,24.767,16.306,25.325,16.339,24.761,15.655,24.469,16.503,24.465,15.79,24.552,15.408,23.403,15.296,24.887,16.634,24.234,14.834,24.763,15.986,24.319,17.529,24.958,14.13,26.111,16.79,25.797,15.782,25.424,16.082,24.833,16.214,24.686,16.054,25.564,16.677,25.055,15.576,24.929,17.144,26.143,16.472,25.437,16.242,24.306,16.098,25.232,17.223,24.754,14.303,25.038,17.047,25.367,16.243,25.006,13.847,24.914,17.276,24.345,16.357,25.352,16.771,22.76,16.649,23.915,18.722,24.922,15.672,25.2,16.14,24.329,18.131,24.92,15.919,26.317,13.809
"Dec 11, 2019",24.95,15.26,24.01,15.163,25.119,16.132,24.027,16.28,23.097,17.626,23.671,16.452,23.132,14.319,24.128,15.679,22.632,16.959,23.869,15.873,24.361,16.089,24.06,17.558,24.516,14.948,25.25,16.001,23.643,14.44,24.064,15.574,24.943,16.047,23.22,13.82,24.641,15.017,24.185,15.642,24.185,15.642,24.62,16.138,24.164,14.864,24.257,15.915,23.2,15.43,24.816,15.564,22.743,15.444,24.535,16.258,22.523,15.019,24.107,15.227,23.695,17.281,22.46,14.112,24.834,15.434,24.494,15.551,24.069,15.12,23.994,15.276,23.396,16.08,24.945,15.396,24.533,14.57,23.778,15.792,25.361,15.918,24.63,15.884,24.098,15.414,24.868,16.348,20.669,13.94,24.255,16.97,24.255,15.226,21.014,13.633,24.515,16.724,23.219,15.883,24.287,15.643,22.465,16.58,23.489,18.173,24.589,15.311,24.118,15,23.526,17.763,24.011,14.929,20.971,12.907
"Dec 19, 2019",18.178,12.096,18.475,12.472,22.073,14.131,20.971,14.243,19.765,14.952,19.486,14.561,17.497,11.715,18.486,13.22,19.702,14.482,20.993,13.892,21.223,14.229,20.904,15.629,18.19,12.104,19.002,13.508,17.761,11.345,19.91,11.951,19.443,13.933,16.771,10.817,20.946,11.888,18.144,12.96,18.144,12.96,19.07,14.1,18.056,12.581,20.453,13.269,21.028,13.198,20.795,12.238,19.804,13.455,17.958,13.843,19.71,12.62,20.272,12.236,20.339,15.319,18.074,11.609,19.395,12.991,21.45,12.424,16.482,12.169,19.994,12.106,19.447,14.128,20.102,11.968,15.611,11.312,20.571,13.838,19.535,13.031,18.48,13.407,19.383,12.171,19.486,14.119,16.724,11.221,20.748,15.241,19.427,12.453,18.488,11.056,21.499,14.854,20.804,13.549,19.433,12.85,20.048,14.64,19.777,15.286,18.654,12.97,16.68,12.46,19.925,15.456,17.856,12.211,,10.27
"Dec 27, 2019",23.284,13.797,21.113,11.993,24.666,14.834,23.713,14.304,20.353,15.09,21.373,14.217,21.999,12.32,22.661,14.101,20.33,14.496,23.005,15.602,22.376,14.199,22.294,14.489,22.843,12.376,23.416,14.836,20.229,11.36,21.213,12.426,22.383,14.959,22.412,11.081,22.026,13.349,23.062,14.202,23.062,14.202,23.266,14.635,22.563,12.416,20.957,13.934,21.741,13.544,21.732,12.756,22.26,14.348,21.874,14.85,21.311,12.318,20.992,12.562,21.786,14.43,22.604,11.193,22.214,13.133,21.727,13.139,21.871,13.411,21.153,12.178,23.282,14.19,21.993,13.059,21.332,11.966,21.519,14.262,22.251,14.03,22.568,14.203,22.059,12.657,23.039,14.658,22.723,11.198,23.158,14.231,21.601,12.801,23.5,10.433,22.675,14.401,21.357,13.798,21.686,13.189,21.726,15.882,20.26,15.252,23.321,12.366,22.221,12.601,22.267,15.941,22.932,12.913,22.996,9.575
"Jan 1, 2020",19.595,13.67,19.482,13.385,21.346,15.074,20.381,14.764,19.566,15.692,19.796,15.053,19.351,12.473,21.925,14.229,19.314,15.226,20.348,14.479,20.639,15.132,19.978,16.008,19.916,12.332,22.008,15.787,20.03,12.617,19.803,13.353,21.166,15.541,20.254,12.079,18.265,13.162,20.266,14.878,20.266,14.878,20.761,15.419,19.672,12.204,20.271,14.807,20.179,14.23,19.646,13.543,20.615,14.31,21.472,15.241,18.914,12.319,20.043,13.131,19.778,15.961,21.315,11.946,15.831,13.855,19.663,13.512,19.133,13.159,21.501,12.754,19.121,14.702,19.257,13.893,20.584,12.806,19.573,14.799,21.182,14.925,21.038,15.119,18.877,13.641,21.927,14.607,20.746,11.912,20.38,16.065,19.664,13.226,21.578,11.338,20.762,15.569,19.842,14.616,18.845,13.358,19.82,14.836,19.92,16.035,20.535,13.147,20.377,13.223,19.764,15.737,19.642,12.761,20.599,11.298
"Jan 9, 2020",24.15,14.23,21.273,13.441,23.433,15.323,23.121,15.023,21.676,15.988,22.838,15.212,22.239,13.383,23.364,15.162,21.561,15.455,22.378,15.429,23.047,14.866,22.47,15.852,21.91,13.607,24.075,14.964,20.799,12.908,21.592,12.998,23.549,15.395,22.226,12.413,22.734,13.76,23.637,14.779,23.637,14.779,23.779,15.021,22.26,13.923,22.211,15.054,23.406,14.542,22.406,13.762,21.965,14.45,23.493,15.406,21.645,13.732,21.557,13.276,22.366,15.798,22.727,13.147,22.969,14.532,22.967,13.919,22.343,13.649,21.262,12.909,22.451,14.636,23.252,14.22,21.52,13.195,22.952,15.051,24.277,14.637,23.88,14.628,21.882,14.031,23.28,15.793,22.698,12.773,22.978,16.208,22.162,13.689,23.036,12.221,23.056,15.424,22.786,14.807,22.486,13.951,21.258,15.75,21.38,16.232,22.995,14.67,21.798,13.812,22.709,16.313,22.406,13.993,21.766,11.797
"Jan 17, 2020",23.206,14.2,21.598,13.451,23.808,14.931,23.096,13.693,22.403,16.293,22.259,15.492,21.749,12.59,21.803,14.407,22.159,15.966,23.249,14.672,23.459,15.162,22.325,15.945,21.925,12.984,23.432,14.992,21.427,12.901,22.7,13.218,23.096,15.137,21.951,11.982,22.984,13.416,22.123,14.693,22.123,14.693,22.971,14.59,21.763,12.819,23.372,15.653,23.302,14.611,23.309,13.833,22.316,13.841,22.17,15.321,21.955,12.646,21.86,13.119,21.853,16.076,22.213,12.592,22.604,14.314,23.264,13.815,21.884,13.107,22.536,13.054,22.721,13.714,22.527,13.93,21.606,13.137,23.313,15.3,23.119,14.561,22.573,14.636,22.063,13.921,22.158,14.866,22.428,12.578,22.55,15.917,22.123,13.123,21.686,12.361,23.341,15.529,22.842,15.199,22.336,13.563,21.663,14.964,22.721,16.61,21.764,13.496,21.785,13.348,21.974,15.223,22.53,13.439,21.471,11.674
"Jan 25, 2020",23.03,13.698,22.041,13.21,22.766,14.531,22.279,14.025,21.898,15.78,22.198,14.983,19.986,12.785,21.864,14.538,21.631,15.213,21.839,13.859,23.267,14.718,22.29,15.456,21.89,12.878,22.618,14.788,21.619,13.091,22.487,13.547,22.654,14.865,21.349,12.498,23.09,12.804,22.269,14.37,22.269,14.37,22.063,14.569,21.363,13.127,22.861,15.612,22.772,14.356,22.936,14.106,21.14,13.676,22.076,15.062,20.774,13.029,22.407,12.907,21.967,15.369,21.082,12.591,22.55,13.951,23.246,13.586,22.184,12.501,22.275,12.609,21.685,13.714,22.038,13.178,22.408,13.8,22.963,14.631,23.123,13.887,22.48,14.591,22.547,13.7,22.442,15.251,21.041,12.453,22.369,15.259,22.681,12.541,22.09,11.907,23.247,14.9,22.52,14.634,22.914,13.057,20.614,14.489,22.059,16.275,21.379,14.162,22.219,12.747,21.68,15.081,22.084,13.068,21.384,11.471
"Feb 2, 2020",23.279,13.149,22.405,12.616,24.644,13.658,23.605,12.89,21.837,15.126,22.287,14.293,22.532,12.188,22.605,14.375,21.276,14.53,23.275,12.894,22.944,13.895,22.476,14.895,22.85,12.938,23.78,14.697,21.953,12.255,23.002,12.404,23.644,14.596,22.931,11.85,23.401,11.91,22.896,13.341,22.896,13.341,23.996,13.924,22.644,12.862,23.284,15.169,22.369,13.371,23.424,13.19,23.483,12.464,22.995,14.586,22.73,12.896,22.878,11.872,22.357,14.761,22.305,12.047,22.682,13.166,23.564,12.641,22.207,11.535,22.715,11.955,23.701,12.737,22.71,12.437,22.063,13.493,23.245,13.853,24.037,13.617,23.163,13.882,22.679,12.76,22.74,15.046,22.582,11.962,23.214,14.618,22.967,11.546,24.131,11.011,22.995,14.369,21.992,13.78,23.142,12.053,22.227,13.472,22.044,15.565,22.137,14.094,22.781,12.243,22.381,14.426,22.618,12.454,23,10.474
"Feb 10, 2020",25.588,15.644,24.055,14.962,25.668,15.884,25.209,15.731,23.797,16.123,24.729,14.997,23.366,15.342,23.712,16.876,23.878,15.403,24.702,15.037,26.617,14.237,24.595,15.819,23.723,15.938,24.108,17.039,23.866,15.267,24.4,13.621,24.255,16.831,23.8,15.293,25.489,13.787,24.329,15.93,24.329,15.93,24.444,16.806,23.529,15.821,24.809,15.943,25.447,14.094,24.899,14.075,24.503,15.247,23.483,16.801,23.625,15.578,24.368,13.41,23.921,15.957,23.509,14.911,25.01,14.217,25.17,13.737,24.714,14.133,24.177,13.214,24.755,15.993,24.507,14.111,23.446,16.245,24.821,15.252,25.471,15.824,24.163,16.457,23.787,15.091,24.159,17.73,23.589,15.197,24.639,16.157,24.589,13.827,25.949,14.101,26.237,15.021,25.032,14.579,25.067,13.567,23.389,15.93,23.644,16.598,23.228,16.729,24.242,15.453,23.92,16.993,24.042,15.623,24.21,13.637
"Feb 18, 2020",27.971,17.282,26.773,17.653,27.657,14.847,26.848,15.479,25.924,18.181,27.269,17.034,24.284,17.228,25.925,17.92,25.43,17.556,27.316,15.03,29.754,16.722,26.75,17.262,25.513,18.746,26.304,16.113,26.085,17.03,26.747,16.715,26.923,16.554,23.928,17.408,27.899,15.778,27.459,16.95,27.459,16.95,26.329,15.38,25.041,18.11,27.244,18.315,27.784,16.628,27.259,16.78,25.715,14.157,24.853,16.031,24.442,16.995,27.022,16.591,26.568,17.296,24.673,16.413,27.37,16.775,27.67,16.627,27.542,16.13,26.831,16.873,27.043,15.037,26.903,16.446,25.294,18.378,26.933,17.398,27.561,17.235,25.564,16.473,26.384,17.834,24.024,18.068,24.718,16.975,26.933,16.307,27.718,16.336,27.159,15.992,28.855,16.752,26.99,16.623,27.923,16.029,24.406,15.545,26.155,18.983,24.266,18.502,26.905,17.929,24.794,16.062,27.206,17.881,25.437,15.723
"Feb 26, 2020",28.531,16.922,27.455,17.437,28.289,17.054,28.622,15.849,25.914,18.625,27.813,17.451,26.878,15.845,27.419,17.314,25.955,17.809,27.58,16.816,30.109,16.993,27.407,18.177,27.256,17.386,27.969,17.008,26.246,17.847,26.808,17.711,28.151,17.35,26.088,16.399,28.147,16.32,28.264,16.525,28.264,16.525,27.515,16.651,27.706,17.379,26.983,18.71,28.561,17.338,27.433,17.521,27.97,15.82,26.387,16.613,26.675,16.32,27.475,16.365,27.052,17.641,25.155,15.303,28.151,16.216,27.923,16.657,28.296,16.404,26.995,16.824,28.959,16.073,28.099,15.784,25.768,17.657,27.319,16.777,29.919,16.953,27.92,16.811,26.855,16.408,26.046,18.013,25.191,15.513,27.484,17.158,28.009,16.399,25.747,15.537,29.929,17.422,27.688,17.219,28.187,16.493,26.182,16.952,25.902,20.052,26.974,17.933,27.849,17.086,25.611,16.685,28.046,16.84,24.817,15.438
"Mar 5, 2020",29.35,19.481,28.44,19.427,30.281,18.325,28.283,17.228,27.023,21.495,28.064,19.547,26.894,18.485,26.712,19.242,26.993,20.64,30.006,17.99,31.373,18.959,28.671,19.846,27.165,20.011,27.195,18.24,27.421,18.51,28.017,19.204,28.414,18.882,26.316,18.897,29.247,19.217,28.149,18.615,28.149,18.615,27.631,17.905,26.842,18.758,27.827,20.901,29.246,19.417,28.444,19.666,29.487,17.353,25.753,18.668,27.137,18.131,28.822,18.872,27.604,19.84,26.028,17.927,28.573,19.166,29.323,19.949,28.893,19.273,28.803,18.893,29.257,16.827,28.45,18.515,26.253,19.453,28.661,20.478,29.71,18.729,27.704,18.481,27.935,18.905,25.514,18.678,25.732,18.624,28.594,19.112,29.096,19.21,26.787,18.156,30.725,19.13,28.269,19.457,29.064,19.693,28.344,18.117,26.661,21.944,26.096,18.667,28.053,19.811,25.719,17.788,27.958,19.183,26.065,17.673
"Mar 13, 2020",31.151,18.973,27.818,18.68,31.65,21.075,31.306,18.391,28.558,21.314,29.374,19.666,28.735,18.17,27.186,19.027,28.37,20.603,30.841,20.665,33.047,19.252,29.624,20.895,27.389,19.602,28.925,19.911,27.863,18.156,28.69,17.95,29.762,20.147,27.101,18.622,31.861,17.798,29.589,18.225,29.589,18.225,29.782,19.043,27.445,18.563,28.928,19.891,30.247,19.21,29.803,18.506,31.217,19.395,27.364,19.723,29.542,18.078,30.183,18.122,28.717,20.315,28.076,17.472,30.831,18.174,31.523,18.291,29.323,18.562,31.031,17.621,31.749,18.112,31.34,18.358,25.931,18.517,30.373,19.008,31.719,19.517,28.797,19.257,27.686,18.272,26.681,19.479,27.204,16.722,30.068,20.29,29.854,18.057,28.365,17.407,32.418,19.634,29.323,19.44,30.167,17.927,29.339,20.823,28.101,21.912,26.629,18.6,28.123,18.752,27.731,18.819,27.604,18.74,26.677,16.974
"Mar 21, 2020",33.147,20.641,31.145,19.573,31.851,20.488,30.931,19.2,28.802,22.22,30.141,21.208,27.93,21.399,27.88,20.62,29.437,21.753,31.983,19.18,31.949,21.333,30.016,22.638,28.023,20.697,29.944,20.495,30.182,19.037,30.107,19.263,30.123,20.283,26.262,20.334,33.742,20.389,31.313,20.755,31.313,20.755,29.743,19.953,28.047,20.279,29.356,20.772,30.92,20.858,30.67,19.736,31.588,19.331,27.905,20.611,29.359,21.041,31.838,19.383,29.62,21.853,28.284,21.217,33.046,20.328,32.488,20.219,32.589,20.494,33.408,19.233,31.8,19.79,33.42,20.391,27.346,19.579,31.573,20.734,32.939,20.521,29.957,20.941,30.534,19.611,26.563,20.083,26.877,20.32,30.594,21.42,31.871,20.117,29.016,19.266,31.834,21.544,30.213,20.956,33.5,20.557,30.751,20.077,28.821,22.666,26.384,20.875,29.276,20.445,27.17,19.678,29.481,19.99,28.09,19.461
"Mar 29, 2020",33.965,20.979,34.145,20.275,33.761,20.613,32.331,19.454,30.405,23.813,31.766,21.56,30.4,19.044,30.035,20.985,31.029,22.828,34.529,20.098,33.56,22.226,32.048,22.873,30.18,20.029,31.362,20.336,33.528,18.979,32.173,20.804,31.84,20.737,29.503,18.659,34.769,20.891,32.694,20.646,32.694,20.646,31.449,19.839,30.803,19.522,30.513,23.34,32.981,21.517,32.22,21.631,33.794,19.888,29.649,20.425,31.591,18.878,34.565,20.477,31.039,22.217,30.183,18.689,33.768,21.295,33.519,21.463,33.697,21.238,34.916,20.202,33.329,19.48,33.904,21.492,30.331,19.285,32.552,21.679,33.577,21.377,31.15,20.377,33.514,19.416,29.067,20.422,29.173,18.742,32.257,21.176,34.372,20.415,30.683,18.416,33.621,22.375,31.717,21.848,34.997,21.299,33.033,20.603,30.038,24.737,29.006,19.859,31.674,20.286,29.763,19.836,31.834,20.442,30.554,18.36
"Apr 6, 2020",33.088,21.55,33.202,21.26,31.534,22.785,31.258,20.661,30.411,23.508,29.445,22.944,27.491,19.219,28.036,22.061,30.398,23.323,33.188,21.817,31.686,23.424,29.426,24.231,30.36,20.755,30.179,20.92,33.668,19.552,32.704,21.725,29.071,21.824,27.666,18.251,35.027,21.813,31.001,21.463,31.001,21.463,30.399,20.59,30.022,20.517,31.752,22.524,31.583,23.265,33.656,21.664,32.159,21.456,29.071,20.403,29.504,19.387,34.25,21.647,28.865,23.36,27.538,19.226,31.305,21.474,35.291,21.889,32.436,21.709,33.918,22.231,32.692,20.962,31.491,21.8,29.862,19.22,32.831,22.441,31.59,21.674,30.118,20.99,33.753,21.036,27.393,21.397,27.124,18.539,29.932,22.626,34.876,21.952,29.61,18.377,30.476,23.905,31.138,23.253,36.034,22.147,31.799,22.196,30.43,24.05,26.877,21.613,31.597,21.379,27.744,21.122,30.726,21.262,28.587,18.203
"Apr 14, 2020",31.915,21.89,31.311,20.494,31.474,24.046,30.358,21.974,30.155,24.035,30.44,23.795,27.484,21.34,26.08,19.816,30.257,24.188,34.663,21.947,32.386,24.736,29.686,24.881,27.174,20.279,29.233,21.964,30.755,19.408,31.186,22.192,30.113,23.359,26.288,21.228,33.321,20.985,30.039,20.208,30.039,20.208,28.542,20.644,26.512,19.414,30.642,24.567,31.358,24.574,31.698,22.955,32.243,23.279,27.147,19.719,28.421,20.194,32.028,22.234,29.295,24.748,26.433,20.179,32.791,23.063,32.968,22.403,29.266,19.651,32.134,22.123,30.691,21.752,31.448,22.765,28.295,20.695,32.708,25.025,32.754,22.885,29.52,21.007,30.537,18.065,26.372,19.61,25.002,20.375,30.332,24.251,30.427,17.058,26.528,16.948,31.546,24.608,31.094,23.722,32.491,19.608,31.198,22.955,30.199,23.55,25.972,20.389,26.609,18.576,27.213,20.074,26.118,19.644,27.062,19.637
"Apr 22, 2020",27.164,20.98,27.076,19.921,30.762,20.701,28.439,18.782,28.522,23.602,25.334,22.422,26.165,19.631,25.292,19.77,27.688,22.983,31.329,19.979,31.39,23.427,26.943,22.731,26.573,19.586,28.993,20.642,25.459,21.965,28.108,17.406,27.783,20.748,26.375,20.417,28.159,22.039,28.986,19.549,28.986,19.549,28.847,18.239,26.307,20.756,28.763,22.305,27.101,22.74,28.439,21.317,30.627,17.296,27.585,18.397,24.808,20.14,26.884,22.209,26.178,22.293,23.439,18.961,27.117,22.497,29.341,22.873,25.162,17.724,27.875,17.098,29.321,19.052,27.377,21.414,24.339,18.726,29.334,22.658,28.401,20.896,28.981,20.32,27.785,19.559,26.328,19.646,24.681,19.229,28.173,22.249,26.819,22.254,20.928,20.025,27.905,23.287,29.327,22.77,27.816,19.109,29.121,20.011,29.502,23.353,26.106,20.805,28.499,18.418,26.32,19.721,27.505,17.884,24.275,20.204
"Apr 30, 2020",30.307,21.98,29.725,22.079,32.024,22.776,29.325,22.4,30.145,23.653,29.227,23.693,28.791,22.811,28.934,22.107,29.633,23.674,31.592,21.421,29.799,23.306,28.892,24.217,27.564,22.58,29.993,22.534,27.78,22.033,30.992,23.817,31.09,23.05,28.123,22.643,30.039,22.221,30.24,22.434,30.24,22.434,29.673,21.914,28.496,20.909,31.273,22.926,30.112,24.155,31.098,22.946,31.287,21.643,28.995,22.155,28.958,22.241,30.375,23.253,29.588,23.973,29.609,22.606,29.496,22.226,31.519,21.966,29.614,22.267,31.13,23.707,29.294,21.922,28.983,22.496,29.181,21.906,30.845,22.601,30.769,22.517,29.187,22.42,30.012,23.091,28.17,21.698,28.796,22.757,30.565,24.047,30.335,22.768,28.923,22.854,29.129,23.729,29.878,23.832,30.653,23.043,30.82,22.157,30.207,24.144,27.994,21.614,27.761,22.698,29.331,22.285,28.985,22.262,29.345,22.598
"May 8, 2020",29.589,23.641,31.111,23.221,33.082,23.755,28.606,23.912,30.863,24.403,29.611,23.457,28.363,22.83,29.478,23.035,30.024,24.825,33.34,22.356,31.112,25.136,29.991,25.597,29.916,23.477,30.272,22.483,30.135,22.406,32.197,24.243,30.934,23.137,28.76,23.18,29.214,23.717,29.398,23.078,29.398,23.078,30.006,23.78,30.363,22.79,31.869,24.345,29.823,23.778,31.308,24.002,32.71,22.974,28.742,23.18,29.297,22.572,31.705,23.238,30.19,24.67,29.172,22.446,29.611,21.696,30.523,23.273,28.696,23.932,32.72,24.254,30.496,24.155,29.744,22.187,28.818,22.84,31.22,23.631,30.87,21.63,29.536,21.995,32.564,23.492,28.769,23.222,28.647,22.744,31.584,25.494,30.993,23.904,29.051,22.82,30.953,25.403,29.97,24.409,29.878,24.323,32.168,23.122,31.003,24.175,30.281,22.621,30.062,23.044,28.037,23.735,29.791,23.601,29.186,23.19
"May 16, 2020",32.183,25.141,31.062,24.753,32.869,24.601,25.63,22.783,31.629,23.993,29.548,25.355,27.388,23.836,30.095,23.739,30.885,24.29,32.607,22.801,31.196,24.484,30.661,25.963,30.957,23.374,30.205,25.287,30.813,24.117,33.716,24.473,29.57,25.39,28.385,24.08,29.991,24.42,31.412,24.82,31.412,24.82,29.69,24.849,30.038,23.773,33.434,23.454,30.255,24.417,33.059,24.408,33.175,24.14,29.623,25.132,26.12,23.141,32.577,24.64,29.401,26.045,26.653,23.561,29.964,24.871,32.015,24.567,30.073,24.365,32.865,25.191,28.155,24.366,28.786,25.62,31.969,23.355,31.75,25.016,30.042,25.715,30.189,25.406,31.3,24.394,29.009,23.558,26.656,24.454,30.959,24.958,31.656,24.366,26.692,24.185,31.791,25.001,30.544,24.427,30.31,24.351,30.983,23.606,31.938,23.897,29.045,23.577,31.43,22.982,28.662,22.998,31.929,23.311,28.034,24.261
"May 24, 2020",22.33,20.695,29.297,22.733,26.509,22.189,25.175,17.945,26.269,22.567,25.466,21.953,26.412,20.926,24.699,19.816,25.232,22.737,27.362,20.917,26.695,22.984,26.4,23.538,24.246,22.805,24.656,20.21,25.869,22.102,25.006,22.439,24.799,21.341,26.986,20.699,24.321,20.767,24.118,20.405,24.118,20.405,24.582,18.406,23.995,21.67,26.165,22.343,25.437,22.259,24.775,24.376,23.808,20.083,24.865,18.12,26.161,20.603,23.485,22.126,25.385,22.166,27.414,21.632,24.926,21,23.959,23.336,25.656,21.499,,22.23,24.515,17.788,21.544,20.609,25.963,22.684,25.464,20.58,23.335,18.775,25.045,19.124,23.013,23.099,23.598,18.029,28.922,21.666,25.737,22.799,23.345,21.167,29.453,21.115,28.212,23.448,24.162,22.287,24.353,19.776,25.053,21.182,25.334,23.526,24.631,20.918,23.125,22.086,23.873,17.404,24.166,22.022,28.507,20.516
"Jun 1, 2020",30.058,,30.286,24.889,28.542,21.452,27.324,25.862,27.416,24.711,29.52,25.323,30.81,24.948,27.613,25.671,28.287,25.079,27.042,22.726,28.895,25.705,25.505,25.149,28.257,26.28,26.312,26.223,30.743,24.949,30.673,,28.889,25.773,31.155,25.291,28.146,,27.763,25.61,27.763,25.61,28.45,26.295,26.27,23.011,31.652,,30.399,25.29,31.124,,28.879,19.279,25.868,25.999,25.999,23.379,29.808,,26.839,25.209,31.133,24.562,29.738,,30.602,,26.275,,30.213,,29.483,25.788,28.244,,30.031,25.784,29.262,,30.833,24.901,28.159,25.65,29.393,,26.886,26.019,32.431,24.61,29.564,,28.765,,33.078,23.526,28.321,25.658,29.951,25.679,29.111,,27.648,20.621,28.554,23.267,27.013,19.798,27.862,,25.624,26.102,27.597,,32.619,23.583
"Jun 9, 2020",26.43,,28.871,25.583,27.752,,24.556,,24.756,,25.895,,30.955,26.628,29.667,27.385,,,29.221,,,,22.835,,21.204,27.12,26.722,,31.266,,,26.066,27.402,,33.011,26.396,,25.284,27.997,,27.997,,25.153,,29.488,26.762,,27.01,28.744,,,26.181,29.51,,25.119,,27.819,26.245,26.247,26.224,22.338,,32.806,26.275,33.878,,,26.779,26.963,,,25.921,26.16,,23.439,,,26.764,,26.546,27.105,,27.83,,30.548,26.98,24.696,27.257,33.284,26.173,21.828,21.239,25.396,26.49,32.992,25.889,,,30.93,,,,28.041,,26.34,,,27.4,24.224,25.955,24.811,27.014,29.417,26.692,32.945,25.866
"Jun 17, 2020",26.72,25.43,27.276,,28.114,22.479,28.16,,28.177,24.378,28.617,25.846,24.04,21.334,15.878,25.718,28.415,24.942,27.745,23.486,29.984,25.322,29.138,22.925,21.243,20.518,25.111,24.514,28.719,,28.27,,29.757,25.434,22.265,,26.531,24.967,27.707,25.57,27.707,25.57,25.475,,22.674,24.84,28.855,,29.199,25.731,27.372,,25.24,,23.022,,25.661,18.905,26.906,25.417,29.285,,22.798,20.628,26.812,25.434,25.839,,25.468,25.212,29.481,,28.03,,24.008,25.215,24.2,,27.93,,24.46,25.338,26.308,,26.027,,23.864,25.648,21.788,,29.209,23.08,25.01,25.463,24.311,15.31,29.28,25.11,29.507,25.798,24.699,,26.704,21.994,28.026,25.207,20.122,,21.38,25.169,25.519,,22.357,25.534,23.337,
"Jun 25, 2020",22.47,,23.995,25.834,26.773,19.808,23.128,17.959,28.781,23.21,25.325,22.556,14.852,22.255,,25.922,28.427,22.803,27.71,16.556,26.224,21.457,23.955,21.831,17.205,25.875,25.7,25.855,31.796,,29.001,,27.728,25.982,29.195,,26.31,,30.096,25.581,30.096,25.581,23.893,,19.923,25.64,30.451,,26.747,22.499,29.877,,27.92,19.384,23.828,26.048,22.663,22.117,26.967,,23.896,23.201,23.309,22.11,27.738,26.074,27.291,,24.516,,28.514,25.962,26.116,,25.888,25.641,,26.641,28.87,,24.718,25.381,25.797,25.712,26.487,26.528,22.958,,8.516,,25.703,22.45,25.353,26.642,,11.039,26.475,21.569,27.647,22.385,26.901,,26.02,20.278,28.941,24.469,,25.587,18.24,26.237,21.893,19.623,29.547,25.971,25.66,
"Jul 3, 2020",,,25.911,,,22.41,26.998,,,20.42,18.65,,28.481,,,,23.207,20.362,29.057,,,20.05,20.639,21.168,24.222,,,,,,29.34,,,,,26.326,,,,,,,23.171,,27.412,,28.456,18.522,,,28.677,,31.252,,23.039,,26.511,24.274,26.006,,19.043,,26.13,26.118,21.223,,,,24.89,,28.239,,,,,,,,,19.91,,,,,,,22.928,,27.542,26.039,,20.367,25.737,,-0.65,,,19.884,,,28.863,,30.177,,,,27.926,,20.64,,23.106,,,,,
"Jul 11, 2020",25.518,,26.965,26.087,26.187,24.812,25.729,,25.493,25.151,26.789,25.653,,20.744,,21.302,25.893,23.482,28.739,,24.537,25.514,23.546,25.612,22.036,,25.973,,26.298,,25.669,,21.393,,,,23.866,26.054,26.55,,26.55,,26.046,,21.08,,28.984,25.788,27.159,26.68,27.226,25.974,28.687,,24.702,,23.045,21.304,23.996,,24.795,25.394,,20.465,25.531,26.02,25.351,25.919,24.347,,27.041,,27.283,,25.339,,,26.301,26.839,26.003,24.86,,24.984,,28.932,25.481,24.316,27.049,,20.675,25.327,25.344,23.844,,,,25.218,25.96,26.775,24.663,21.956,,26.468,,26.085,24.945,,,21.857,,24.482,26.043,23.619,,,
"Jul 19, 2020",,,25.496,25.123,27.542,25.408,23.501,,28.232,21.918,22.366,,11.42,,,,27.224,20.563,30.699,23.541,29.538,24.142,26.212,25.437,,21.274,23.663,,26.492,,31.437,25.426,,25.598,29.993,,23.25,,,,,,,,,21.231,30.372,,28.204,,29.606,25.437,24.794,24.345,20.132,,19.676,21.02,,25.39,24.431,25.317,12.801,21.46,28.033,,22.74,,,24.71,31.462,25.638,27.762,,,,,,22.357,,,,,,,25.287,28.198,,,21.91,26.927,25.585,,25.441,,,23.921,25.308,30.134,,24.065,25.205,26.097,24.023,26.669,22.55,,,,25.451,23.464,,,,,
"Jul 27, 2020",20.67,,27.091,27.815,28.615,26.708,27.263,26.531,25.553,19.222,24.354,,26.99,26.54,30.37,26.314,25.87,19.685,27.476,,26.215,,22.331,,21.724,27.18,25.106,27.324,17.036,27.947,24.158,,,27.283,,27.462,23.905,,,,,,26.009,26.36,25.83,26.544,28.34,,18.569,,27.645,,27.689,26.102,25.091,26.75,26.572,26.662,,,22.231,,26.304,26.908,18.616,,,,21.331,,,,26.885,26.595,21.809,,,27.085,27.774,,25.996,,24.809,,,,25.772,,25.583,27.036,27.037,22.606,19.445,,,27.285,25.216,18.61,26.978,,22.315,,27.757,25.653,25.929,21.534,30.036,26.281,22.154,26.298,25.486,25.861,21.452,26.215,,27.549
"Aug 4, 2020",,,28.015,,20.101,,23.093,24.175,21.548,22.49,22.838,,30.747,26.563,,,23.492,22.138,29.49,,23.981,22.247,24.403,22.42,24.014,,27.747,,28.2,,28.782,,27.187,26.534,33.67,,,,28.478,,28.478,,27.021,,26.223,,28.075,,26.308,,29.068,,29.432,,26.518,,25.761,23.566,23.645,,21.293,25.969,31.123,26.921,,,,,26.174,,30.904,,28.253,,26.588,,28.586,,24.757,,28.577,,,,27.595,,26.525,,31.446,27.021,23.139,25.959,25.625,,33.857,26.91,24.61,22.39,22.485,,24.148,,27.872,,23.758,,29.356,,25.428,,23.487,,28.922,,34.43,27.041
"Aug 12, 2020",30.037,,29.256,,29.508,21.292,30.04,20.023,27.546,,27.577,,27.595,24.461,28.186,,26.925,,27.318,,26.463,,26.389,,26.465,24.385,29.889,,27.762,25.27,28.751,,30.184,,27.982,24.632,27.77,,29.621,,29.621,,30.036,,26.887,23.647,29.622,,27.707,,30.666,,29.619,,27.592,,25.97,23.245,28.085,,27.67,,27.484,20.87,26.495,,29.302,,28.749,,31.105,,30.105,,28.623,,27.587,24.606,29.148,,29.304,,29.628,,27.225,,26.581,,26.924,24.589,29.158,,27.956,,,24.851,26.574,,27.772,,28.77,,27.551,19.85,28.602,,29.919,,26.846,,25.989,20.621,27.388,,27.195,24.974
"Aug 20, 2020",26.79,25.65,27.456,25.585,28.22,22.274,25.831,26.11,26.54,25.356,26.166,25.058,26.537,25.677,27.993,25.401,26.837,24.99,28.412,21.7,27.016,,23.783,23.19,27.782,25.612,26.794,25.8,26.237,25.418,27.247,25.082,27.623,25.603,29.591,26.025,27.857,25.526,27.924,25.345,27.924,25.345,26.002,24.991,27.072,25.714,28.028,25.729,28.512,,26.064,25.105,28.865,20.372,21.594,25.646,22.44,25.662,26.93,25.358,22.344,25.756,19.848,25.422,28.286,25.463,28.471,25.311,26.759,25.897,,25.351,25.741,,24.167,25.254,27.251,25.897,26.856,25.465,28.386,25.176,26.989,25.348,24.831,26.199,21.402,25.812,26.895,25.231,26.626,22.86,25.014,26.065,23.045,25.651,26.759,22.467,28.631,24.384,26.251,25.522,27.77,23.043,24.889,,28.729,25.649,24.625,26.443,22.423,26.012,23.126,25.786,9.927,26.214
"Aug 28, 2020",28.527,26.87,29.251,25.769,28.608,24.582,29.466,26.863,27.292,25.279,27.251,25.763,29.197,25.823,29.541,26.422,26.769,25.004,27.776,18.95,27.399,25.1,26.307,25.505,28.386,26.103,28.504,27.271,29.435,25.328,23.908,25.66,29.176,26.58,29.498,25.459,27.93,26.46,29.29,26.141,29.29,26.141,28.944,27.156,29.671,26.686,28.961,26.092,28.099,25.517,27.653,25.848,28.013,24.138,26.953,27.299,28.573,24.087,28.877,25.394,27.679,25.544,29.235,25.141,27.695,26.545,28.371,25.943,28.015,26.867,28.818,25.766,29.085,26.386,28.036,26.386,29.78,25.854,27.247,26.373,29.508,26.586,29.255,26.403,29.593,26.597,27.666,26.674,29.115,25.088,26.415,25.489,28.584,26.192,28.367,24.896,27.286,25.462,28.359,25.387,28.612,26.124,27.526,23.475,27.726,26.101,29.973,24.413,28.946,26.544,27.354,26.188,29.405,26.606,29.398,25.344
"Sep 5, 2020",25.53,,,,28.846,20.806,27.673,22.084,27.881,25.592,27.705,,23.881,25.695,,,27.086,26.03,28.41,,28.359,,25.607,24.142,27.662,,28.028,,,,26.738,,27.9,25.772,27.76,25.542,26.333,,28.748,,28.748,,16.947,,,,27.281,,29.491,,26.715,,29.403,24.511,23.567,,21.259,20.968,26.443,,25.197,25.404,21.283,,27.451,26.39,27.701,,23.779,,26.029,,27.361,20.959,27.12,25.433,25.448,,28.186,,28.07,,,,28.569,,23.742,22.122,28.035,23.807,26.988,26.264,27.375,,,,27.067,24.544,28.614,,26.321,,27.882,23.371,28.005,,,,24.608,,24.71,22.759,23.877,,,
"Sep 13, 2020",30.589,29.28,30.069,26.913,29.341,22.852,30.932,28.941,29.111,,27.89,22.29,30.549,26.89,31.084,28.414,23.918,,29.201,22.09,25.741,,25.238,23.003,30.615,27.177,30.418,29.23,30.314,26.402,28.53,26.924,30.312,,30.342,26.799,28.403,28.29,30.674,28.713,30.674,28.713,31.452,29.148,31.032,27.843,29.561,27.246,28.19,,29.581,27.082,30.112,27.681,29.5,28.977,29.119,26.892,31.172,27.114,25.288,,30.137,26.944,29.956,27.934,29.606,27.521,28.76,28.952,30.708,26.834,31.397,28.39,28.844,29.195,30.705,27.158,29.366,,31.175,28.58,31.501,29.233,30.708,27.743,30.917,29.317,30.352,26.418,27.735,22.698,30.303,28.38,29.857,26.796,25.45,22.8,28.365,,29.748,28.189,29.239,27.627,27.799,,31.103,28.249,29.681,27.614,28.824,28.73,30.684,27.857,30.263,26.148
"Sep 21, 2020",28.826,25.59,28.944,23.1,24.226,19.543,26.035,25.302,25.268,23.419,26.623,,26.772,24.661,28.249,25.323,25.038,24.052,26.613,21.015,24.206,23.434,23.887,21.853,27.509,25.277,27.214,26.018,28.337,21.378,28.689,24.468,27.733,25.915,27.304,24.17,28.729,25.487,28.935,25.059,28.935,25.059,26.964,25.73,27.858,25.517,27.474,24.734,27.441,,28.677,24.953,26.078,24.359,26.398,25.677,26.461,24.909,29.056,24.954,23.016,,26.801,24.113,27.836,25.321,28.646,25.036,27.846,25.554,28.898,24.661,26.659,25.204,27.793,25.623,28.418,24.443,29.115,,27.326,25.307,28.298,25.418,29.276,26.315,27.015,25.917,27.075,23.761,23.82,,28.528,26.154,27.09,22.959,23.504,23.276,26.685,,28.336,25.267,24.948,22.816,27.178,24.237,27.885,25.405,27.315,25.646,25.585,25.849,28.112,25.369,27.414,23.713
"Sep 29, 2020",30.812,26.801,27.303,,28.189,,29.809,25.685,24.681,25.987,24.965,26.137,27.714,20.753,29.025,25.89,22.935,25.259,27.332,22.944,23.311,25.923,22.351,25.506,26.49,,28.604,27.049,28.048,,28.591,,28.881,26.961,27.185,,25.858,26.107,30.1,26.462,30.1,26.462,29.647,26.176,28.045,,27.777,26.781,26.322,26.407,28.946,,27.477,,27.606,27.143,25.248,23.217,27.481,,23.257,25.738,26.642,23.09,26.283,26.699,28.107,,29.196,26.599,28.042,,29.83,25.387,25.816,26.718,26.962,,28.844,26.386,27.81,26.685,28.608,26.542,27.843,,28.341,26.607,26.161,22.535,26.133,25.426,27.885,,26.42,,24.362,25.919,25.709,25.894,28.065,26.542,25.591,,24.38,26.08,28.565,,27.082,,27.892,25.821,29.043,26.429,26.307,
"Oct 7, 2020",29.441,26.43,29.347,25.594,29.911,25.285,28.658,26.508,28.231,26.093,27.936,25.83,29.178,23.882,28.299,25.487,28.104,25.882,28.662,23.691,27.878,25.907,27.347,26.007,28.458,25.553,29.326,26.704,29.535,25.186,30.897,25.734,29.285,26.653,29.064,23.738,28.644,26.596,29.073,25.14,29.073,25.14,28.79,26.445,28.622,25.413,29.039,25.903,27.438,25.629,29.433,25.84,29.414,24.741,27.449,26.775,28.672,24.056,28.9,25.631,26.903,26.018,29.023,23.536,29.144,26.111,28.886,26,28.897,26.589,30.382,25.774,29.015,25.671,28.811,26.883,28.864,25.218,29.22,26,29.999,26.037,29.414,25.407,28.935,25.993,28.133,26.596,29.143,23.424,28.494,26.103,28.649,25.929,30.068,23.811,27.366,25.985,28.361,25.675,28.481,26.067,28.342,24.098,28.379,26.528,28.611,25.019,28.202,25.936,27.872,27.141,28.524,25.88,29.358,23.609
"Oct 15, 2020",31.158,25.51,29.581,24.028,30.248,24.306,28.507,25.488,29.761,25.165,29.86,25.522,29.652,23.719,29.362,24.703,28.809,25.241,27.584,22.417,30.056,25.845,28.901,25.814,29.166,23.913,30.329,25.84,29.353,23.417,30.431,24.251,30.874,24.812,29.182,22.92,30.274,25.333,30.437,24.878,30.437,24.878,28.81,25.643,29.715,24.562,29.657,24.878,28.621,25.102,28.934,24.068,29.886,23.471,28.288,26.529,29.609,24.442,29.075,23.579,29.122,25.27,30.05,23.834,31.393,25.399,28.568,24.548,29.915,25.894,29.477,23.903,29.346,24.878,31.313,25.224,29.363,23.62,29.946,25.27,31.189,24.692,29.891,25.065,29.622,24.543,28.709,26.005,30.059,23.231,29.416,25.485,29.468,25.013,30.046,23.622,28.86,25.844,28.53,25.199,29.34,24.778,28.16,23.232,29.212,25.385,29.601,24.197,29.172,25.366,27.595,27.13,29.693,25.125,29.951,23.381
"Oct 23, 2020",29.59,24.51,29.323,23.481,27.552,24.516,29.244,23.993,27.099,24.455,27.303,24.832,29.093,22.859,29.638,23.821,27.025,24.346,27.443,22.617,26.814,24.808,26.515,25.262,29.812,23.669,28.393,24.837,29.354,22.639,30.209,22.399,28.455,24.97,29.888,22.315,28.648,23.719,29.608,23.497,29.608,23.497,28.822,24.344,30.004,23.93,27.613,23.428,27.119,24.368,28.432,22.652,27.965,23.268,28.116,24.86,28.238,23.199,28.765,22.416,27.185,24.909,28.939,22.013,28.865,24.504,28.222,22.889,29.207,24.271,29.478,22.123,28.691,23.802,28.598,24.811,29.625,23.281,28.752,24.016,29.671,24.219,28.899,23.634,29.516,23.774,29.253,24.63,29.272,22.248,27.326,25.227,29.136,24.003,29.283,21.692,26.514,25.249,26.942,24.409,28.596,23.49,26.732,23.272,27.272,24.609,29.924,23.643,29.466,23.739,28.096,24.913,29.788,23.885,30.278,21.37
"Oct 31, 2020",28.26,21.802,27.222,20.081,27.051,20.689,27.185,21.537,26.268,22.291,26.69,22.143,27.012,19.519,26.837,20.468,26.193,21.866,26.586,20.683,25.93,21.261,26.523,22.104,27.111,19.5,27.281,21.618,27.275,18.716,28.278,19.1,26.95,21.804,26.919,18.62,27.695,20.953,27.292,20.842,27.292,20.842,27.232,21.472,27.033,20.383,27.51,21.091,26.233,21.118,27.784,19.136,26.282,19.31,26.646,22.407,26.564,20.646,27.521,19.2,26.301,22.294,27.622,19.355,27.529,21.255,27.467,19.895,27.555,21.577,28.114,19.038,26.726,21.061,27.304,21.947,27.1,19.143,27.611,22.125,28.028,21.802,27.07,20.736,27.388,20.612,27.071,21.814,27.332,19.049,26.493,21.503,27.361,20.939,27.766,19.228,26.249,21.322,26.282,21.306,27.647,20.402,26.068,21.092,27.058,22.509,26.808,20.205,27.081,21.027,26.315,23.927,27.063,20.772,27.579,18.232
"Nov 8, 2020",30.648,21.55,29.449,20.164,28.37,22.243,28.499,22.059,27.368,22.212,27.909,22.497,28.689,18.847,29.163,20.72,27.266,21.82,27.548,21.727,27.426,21.115,27.851,23.311,29.444,19.769,29.546,22.714,29.231,19.022,30.649,18.949,29.06,22.616,29.335,17.844,30.204,20.776,29.521,20.81,29.521,20.81,28.806,22.503,29.407,20.474,29.533,20.304,27.608,21.421,30.122,19.094,27.099,21.287,28.439,22.72,27.546,20.023,29.929,19.45,27.929,22.971,29.046,18.423,30.104,21.489,30.314,19.33,30.093,21.031,30.428,19.017,27.876,21.623,29.805,22.276,29.537,19.096,29.466,21.196,30.687,22.078,29.362,21.277,29.163,21.051,28.934,22.311,29.305,17.933,28.348,23.053,29.663,20.934,29.995,17.653,27.621,22.092,27.506,21.434,29.977,20.327,26.897,22.404,27.758,22.308,29.397,20.28,29.285,20.898,27.826,23.955,29.449,20.537,30.403,17.378
"Nov 16, 2020",27.777,19.67,27.135,17.783,26.115,19.309,25.683,18.979,25.109,21.733,25.377,21.328,26.88,17.18,26.919,18.665,25.53,21.441,25.557,18.8,24.931,20.775,25.312,21.805,27.031,17.628,27.056,19.637,27.205,16.661,27.374,18.117,26.796,19.626,27.067,16.472,27.742,19.145,26.806,19.268,26.806,19.268,26.596,19.587,26.775,18.052,27.203,19.988,24.728,20.661,27.573,18.139,24.213,17.871,26.415,20.032,26.777,17.826,27.417,17.782,26.013,20.832,27.306,16.936,27.694,19.909,27.932,18.45,27.531,19.148,27.259,17.787,26.151,18.652,26.951,20.323,27.261,17.295,27.363,20.129,27.339,20.06,26.459,19.227,26.846,18.049,26.804,19.915,27.38,16.589,25.915,20.418,27.16,18.564,27.888,16.429,25.453,21.188,24.917,20.764,27.654,18.753,24.613,19.467,25.654,22.074,26.91,18.093,27.009,18.484,25.476,21.048,26.876,18.459,28.156,15.944
"Nov 24, 2020",25.83,18.39,26.154,16.606,27.376,17.37,25.346,18.527,24.907,19.31,25.03,18.79,26.619,15.419,26.149,17.921,24.445,18.899,26.077,17.8,25.507,17.627,25.123,19.481,26.147,16.067,26.481,18.752,26.179,15.019,25.437,16.367,26.279,18.586,27.54,14.715,25.634,17.1,25.517,18.559,25.517,18.559,26.505,19.376,25.596,16.383,25.805,17.74,24.815,17.553,25.01,16.524,24.166,16.242,26.041,19.427,25.799,16.182,26.019,16.461,24.829,19.034,26.672,15.159,26.843,17.817,25.702,16.734,25.174,17.687,24.4,16.065,25.347,18.577,26.328,18.585,26.777,15.769,25.763,18.234,26.886,18.787,25.989,18.711,24.983,17.106,26.208,18.902,26.314,14.946,26.049,18.684,25.487,17.244,26.772,15.171,25.775,18.349,24.733,17.973,25.182,17.214,24.283,18.493,25.062,19.645,26.035,16.742,25.189,16.952,24.728,20.545,25.209,17.277,28.096,14.759
"Dec 2, 2020",26.52,18.17,25.521,17.013,26.114,17.923,25.072,18.019,24.581,19.288,24.721,18.702,25.764,16.721,25.323,18.203,24.063,19.02,24.433,16.194,24.866,18.394,24.763,19.379,26.523,17.06,25.866,18.404,24.966,16.23,26.012,16.98,25.838,18.849,26.6,16.153,26.723,17.338,25.794,18.36,25.794,18.36,25.505,18.38,25.144,17.401,25.992,18.152,24.331,17.837,26.797,17.028,24.424,17.185,25.291,18.629,25.001,16.99,26.12,16.807,24.959,19.059,25.737,16.435,26.202,17.98,27.121,17.106,26.004,17.665,25.945,16.936,25.581,17.97,25.801,18.32,26.71,16.666,26.188,18.448,25.945,18.674,25.582,18.427,26.358,17.229,25.53,18.717,25.708,16.422,25.712,18.914,26.535,17.137,26.383,16.298,25.208,18.759,24.335,18.283,26.884,17.241,23.569,17.681,24.862,19.843,24.747,17.524,25.596,17.413,24.21,19.551,25.934,17.657,27.755,16.027
"Dec 10, 2020",23.61,15.98,23.336,15.488,24.339,15.919,24.072,16.306,22.62,17.435,23.242,16.665,21.783,14.789,23.097,15.921,22.481,16.78,22.83,15.619,23.98,16.452,23.297,17.333,22.827,15.087,24.24,16.055,23.09,14.812,23.675,15.294,23.862,16.187,22.264,14.319,24.297,15.409,23.035,16.025,23.035,16.025,24.451,16.452,22.419,15.188,24.16,16.291,23.676,15.808,24.411,15.418,22.604,15.636,22.955,16.37,21.786,15.364,23.77,15.28,23.182,16.903,21.729,14.987,24.112,16.074,24.6,15.404,22.71,15.575,24.055,15.491,23.981,15.89,23.657,16.004,23.227,14.607,24.109,16.396,24.216,16.259,23.643,16.127,23.237,15.57,23.303,16.594,21.85,14.73,23.811,16.675,23.4,15.338,23.881,14.533,24.031,16.818,23.463,15.997,23.888,15.465,22.249,16.453,22.918,17.847,22.652,15.605,22.49,15.423,23.103,18.02,22.719,15.387,23.296,14.079
"Dec 18, 2020",22.977,14.019,21.036,13.484,23.733,14.183,23.595,14.853,20.782,15.124,21.364,14.871,21.527,13.385,22.544,14.306,20.439,14.779,22.531,14.559,21.869,14.294,21.819,15.721,21.011,13.152,23.55,14.407,20.795,12.401,21.891,12.657,22.606,14.582,22.223,12.676,22.559,13.204,22.088,14.148,22.088,14.148,23.503,14.615,21.978,13.403,21.838,14.069,21.575,14.085,22.582,12.801,22.36,13.955,22.913,14.783,21.586,13.767,22.056,12.824,21.487,15.356,22.619,13.153,22.171,14.002,22.943,12.908,21.927,13.447,22.239,12.802,23.018,14.481,22.452,13.897,20.825,12.852,21.773,14.32,23.07,14.466,22.305,14.177,21.424,13.418,23.159,14.996,21.936,12.977,22.053,15.01,22.207,13.059,23.582,12.458,22.09,14.873,21.423,14.278,22.621,13.279,21.644,15.292,20.951,15.497,22.189,13.767,21.871,13.265,22.583,16.13,21.765,13.339,23.088,12.322
"Dec 26, 2020",23.418,14.11,22.035,12.912,23.449,14.452,23.933,14.675,21.421,14.87,22.08,14.633,22.344,13.676,23.635,14.826,21.138,14.367,21.65,14.654,22.909,13.561,22.238,15.484,22.301,13.213,24.637,14.51,22.052,11.794,22.429,11.983,23.742,14.705,22.634,12.573,22.599,12.647,23.271,14.573,23.271,14.573,24.201,14.713,22.803,13.897,22.409,13.632,22.461,13.292,23.103,12.318,22.132,13.57,23.71,15.259,22.621,14.05,22.336,12.162,22.298,15.18,23.054,13.484,22.961,13.625,23.229,12.338,22.222,13.251,22.664,12.131,23.324,14.16,23.364,13.901,22.417,12.646,21.649,13.802,24.149,14.476,23.652,14.513,21.984,13.225,24.164,15.568,22.218,13.226,22.932,15.125,22.275,12.639,23.042,12.761,22.749,14.264,22.141,13.661,22.579,12.77,21.066,15.077,21.547,15.144,23.575,14.515,22.019,13.271,23.249,16.552,22.661,13.575,22.71,12.199
"Jan 1, 2021",25.208,13.967,24.012,14.314,26.095,13.943,24.975,15.159,23.29,14.195,23.276,14.74,23.659,14.424,24.362,14.65,22.806,14.062,24.355,13.769,24.722,13.897,23.658,15.467,24.15,14.422,25.756,14.288,24.53,13.687,24.972,14.106,25.005,14.172,25.189,13.73,25.271,13.166,24.557,14.251,24.557,14.251,25.138,15.031,23.845,14.76,24.848,13.755,24.303,13.662,25.512,13.991,24.397,14.023,24.329,15.497,22.996,14.608,24.834,14.137,23.18,15.309,23.671,14.123,24.59,13.848,25.474,13.412,24.026,13.711,25.048,14.077,24.426,14.588,24.89,13.905,24.6,14.167,24.452,14.132,25.641,14.058,24.835,14.07,23.799,14.251,24.838,15.505,23.537,14.068,24.141,14.95,24.392,14.145,25.001,13.807,25.043,14.434,23.896,13.688,24.849,14.135,23.197,15.044,23.51,14.506,24.269,15.01,23.93,13.94,23.963,16.641,24.274,13.743,24.441,13.75
"Jan 9, 2021",23.536,15.17,24.161,13.919,25.049,15.83,23.287,15.291,23.101,17.274,23.805,16.526,20.269,13.201,20.884,15.024,23.052,16.834,23.682,15.553,24.191,15.867,23.245,17.14,23.458,13.11,23.158,15.436,24.585,13.2,25.651,14.995,22.905,16.009,19.717,12.057,24.952,14.797,21.441,14.896,21.441,14.896,23.613,15.719,21.341,13.651,25.655,16.72,24.502,15.792,26.066,15.378,23.005,15.319,22.381,15.991,22.425,14.224,24.881,14.398,23.74,16.559,22.504,13.515,24.474,15.623,26.084,14.902,23.878,14.332,25.348,14.374,23.342,15.186,22.738,15.284,24.899,13.222,25.108,16.199,23.12,15.24,22.085,14.952,23.727,14.326,21.885,16.067,19.706,13.054,23.958,16.798,24.554,13.97,21.894,12.999,24.253,16.493,24.178,16.105,25.286,14.548,22.122,16.053,23.554,17.759,20.298,14.781,23.806,13.799,22.624,16.759,21.568,13.899,18.852,12.204
"Jan 17, 2021",22.478,14.299,21.217,14.154,24.141,14.328,22.893,14.792,21.574,15.81,20.677,15.615,21.93,14.176,21.212,15.237,21.132,15.476,22.734,14.433,22.785,15.027,22.183,16.136,20.662,13.141,21.892,14.982,21.547,13.267,21.495,14.346,21.736,15.205,23.462,13.616,20.754,14.068,19.797,14.506,19.797,14.506,21.861,15.223,20.944,13.82,21.869,15.871,21.098,14.979,21.516,14.806,21.692,13.218,21.059,15.283,21.804,14.309,19.349,14.027,21.276,15.822,22.838,14.21,20.531,14.835,,14.523,20.988,12.888,20.574,14.124,22.692,14.375,20.62,14.113,21.175,14.331,20.061,15.56,21.818,14.7,20.361,14.776,21.114,14.701,22.074,15.735,22.679,13.886,22.456,15.474,20.276,13.788,23.68,13.223,22.741,15.502,21.124,15.194,18.548,14.096,21.114,14.521,22.322,16.395,20.209,15.057,20.644,13.471,22.116,15.729,20.57,13.816,23.678,12.815
"Jan 25, 2021",21.968,13.7,20.785,12.558,24.025,14.257,24.402,14.843,20.812,15.106,21.507,14.665,16.228,12.891,21.045,14.657,20.786,14.708,23.658,14.454,23.794,13.921,22.412,15.275,21.783,12.761,21.316,14.893,20.056,11.906,20.325,13.01,21.892,14.891,19.331,12.086,21.513,12.553,20.564,13.796,20.564,13.796,21.207,14.763,21.557,13.084,20.98,15.128,21.929,14.021,21.127,13.71,22.52,13.209,19.859,14.908,19.749,13.002,20.733,12.358,22.223,14.824,18.598,12.469,20.99,13.389,21.433,13.275,21.202,12.477,20.429,12.502,22.347,14.202,21.047,12.981,20.8,13.153,20.988,14.134,22.794,13.956,21.244,14.417,21.053,13.016,22.142,15.661,16.683,12.335,22.759,14.716,21.351,12.284,20.76,11.283,23.626,14.411,21.714,14.178,21.571,12.702,21.945,14.655,20.935,15.477,21.775,14.118,21.44,12.771,22.768,15.917,21.945,12.978,16.612,9.982
"Feb 2, 2021",24.525,15.149,23.838,13.799,25.111,14.832,25.608,14.745,22.816,15.275,23.445,15.416,23.118,14.678,24.081,16.355,22.348,15.062,24.255,14.496,26.303,14.156,23.654,15.952,23.788,14.852,24.153,15.833,23.432,13.576,23.87,14.003,23.94,15.904,23.054,14.195,24.845,13.547,24.562,15.211,24.562,15.211,24.511,15.595,23.988,15.111,23.817,15.701,23.926,14.841,24.229,14.538,23.633,13.745,23.349,16.079,24.179,14.869,24.091,13.237,23.245,15.818,23.225,13.957,23.617,14.625,24.698,14.092,23.795,13.594,23.85,13.534,24.958,14.541,23.576,14.235,23.339,14.873,24.046,14.965,24.964,15.387,24.168,15.554,23.752,14.144,24.078,16.647,22.97,14.127,23.698,15.318,24.688,13.376,25.387,12.832,25.93,14.787,23.375,14.824,24.871,13.48,22.993,14.823,22.905,15.727,23.846,16.304,24.115,14.361,23.907,15.915,24.191,14.695,23.871,12.153
"Feb 10, 2021",26.35,16.73,24.954,16.044,27.374,16.127,25.249,15.459,24.235,18.194,25.052,17.116,24.486,16.01,23.946,17.762,23.511,17.569,26.737,15.556,28.394,16.447,25.316,17.824,24.925,16.678,25.583,17.511,24.846,15.504,25.034,16.488,26.084,17.812,24.765,16.193,26.779,15.387,26.088,16.651,26.088,16.651,24.795,16.834,24.416,16.502,25.406,18.8,25.435,16.984,25.509,16.981,26.203,15.262,23.692,17.565,24.842,16.297,24.656,15.494,25.243,17.32,24.661,16.02,25.784,16.275,25.866,16.513,25.78,15.582,24.221,16.011,25.086,15.38,25.232,15.642,24.319,16.939,25.85,17.146,26.772,16.651,25.526,17.069,24.679,16.149,23.361,17.844,24.748,16.45,26.036,16.893,26.002,15.41,26.004,15.501,28.194,16.854,25.452,16.927,26.349,15.379,24.762,15.996,24.451,19.035,23.865,17.504,24.986,16.158,23.115,16.871,25.039,16.522,24.444,14.99
"Feb 18, 2021",27.349,16.911,26.693,17.465,29.081,17.247,28.75,16.131,25.393,19.032,26.356,18.328,26.423,17.703,26.234,18.367,25.302,18.713,28.486,16.802,29.596,17.943,26.243,19.22,26.026,18.426,26.608,17.991,26.339,17.294,26.735,17.334,26.751,18.446,26.291,18.136,27.454,15.723,27.08,16.775,27.08,16.775,26.88,17.245,26.209,18.211,26.471,18.907,26.886,18.642,26.783,17.72,27.962,16.669,25.386,17.456,27.025,17.541,27.258,16.598,25.924,18.499,26.42,16.973,26.579,17.112,26.918,17.081,27.13,16.154,26.845,16.761,27.577,16.845,26.28,16.252,25.664,18.667,26.34,17.693,27.542,17.213,26.68,17.444,26.244,16.984,25.714,17.947,26.312,17.745,26.719,17.905,27.304,16.612,28.436,16.62,29.011,18.354,26.49,18.541,27.355,16.253,26.539,17.271,25.593,19.749,25.565,18.553,26.395,17.897,25.948,16.862,26.486,17.751,26.973,16.425
"Feb 26, 2021",29.343,20.58,29.26,18.911,29.558,21.243,29.219,18.365,27.72,22.17,28.787,21.955,26.347,18.679,26.774,20.258,27.75,22.092,28.782,19.66,31.797,21.75,28.475,22.511,27.441,19.987,27.177,21.343,29.083,18.422,29.142,18.623,28.042,21.907,26.546,19.384,30.305,19.206,28.702,20.19,28.702,20.19,27.924,20.496,27.204,19.5,28.577,21.192,29.962,22.218,29.228,19.238,28.306,19.966,26.197,20.513,26.426,18.038,29.691,18.243,27.915,22.265,25.287,17.194,29.503,20.932,29.735,19.296,29.227,19.597,29.308,18.301,29.864,19.301,28.939,20.455,27.027,19.791,28.889,20.64,29.397,20.96,27.694,20.663,28.153,18.211,25.805,20.03,25.19,18.053,28.663,21.982,29.839,18.47,26.87,16.779,31.152,22.034,29.124,22.027,30.324,18.224,27.422,20.182,27.906,22.562,25.812,19.628,28.112,19.427,26.636,19.149,28.092,19.732,26.276,18.02
"Mar 6, 2021",29.843,22.761,29.599,19.764,30.289,20.519,29.413,19.958,27.564,22.26,27.821,21.708,26.717,19.593,27.046,21.56,26.916,21.966,29.985,19.383,30.013,21.344,27.926,22.287,27.03,20.715,27.573,20.943,27.831,18.791,28.924,19.289,28.824,21.258,26.22,20.335,30.761,21.788,29.052,21.933,29.052,21.933,28.483,20.71,26.404,19.989,29.203,21.58,28.685,21.617,29.08,19.969,31.037,20.131,26.026,20.242,25.765,19.253,30.106,19.454,28.308,22.11,25.464,18.906,28.922,21.674,30.55,20.585,29.841,22.43,29.43,18.584,29.522,20.866,28.875,21.358,26.909,19.665,29.34,22.149,28.844,21.917,27.406,21.123,29.126,19.1,26.694,20.414,25.353,19.391,29.025,21.602,30.367,20.192,27.125,19.078,29.659,21.648,28.248,21.65,30.704,20.983,29.194,20.095,27.923,22.867,25.635,20.197,29.01,21.162,27.206,19.762,29.011,21.716,26.393,19.575
"Mar 14, 2021",30.845,20.474,29.912,19.919,31.495,19.417,30.472,19.698,28.605,21.653,29.542,21.479,27.417,19.073,28.106,19.924,28.902,21.441,31.846,19.974,33.588,20.925,29.565,22.529,28.295,19.634,27.896,19.794,29.004,18.846,29.854,19.446,28.992,20.488,27.353,19.175,32.074,19.118,29.48,20.447,29.48,20.447,28.597,20.079,28.114,18.948,28.2,19.833,30.883,21.162,30.23,19.32,31.729,18.431,27.716,20.152,27.87,18.389,31.647,19.747,28.992,21.696,26.897,18.328,30.91,20.209,31.271,18.865,29.313,20.156,31.252,19.743,29.711,19.876,31.104,19.968,26.875,18.574,29.534,19.223,30.379,20.66,28.095,20.28,30.08,19.397,27.552,19.693,26.55,19.137,29.878,20.652,31.733,19.851,28.016,18.325,32.659,21.508,30.457,21.114,32.101,19.429,30.916,19.814,28.777,22.205,26.703,18.77,28.799,19.958,28.128,19.676,28.804,19.634,28.881,18.584
"Mar 22, 2021",31.784,21.148,31.301,19.689,34.005,20.211,32.061,18.779,29.99,23.025,30.049,21.877,29.05,18.511,28.267,19.457,30.192,22.585,34.34,20.23,33.124,21.313,29.949,22.587,28.759,18.964,30.105,20.114,30.713,18.185,30.524,21.585,30.277,20,28.602,18.327,33.236,20.96,30.867,20.461,30.867,20.461,30.492,19.288,29.139,18.736,30.098,22.193,31.15,21.888,30.553,21.564,33.923,18.989,28.152,19.635,29.893,18.644,32.251,21.015,29.623,21.905,29.196,18.929,32.37,21.252,32.057,21.282,31.215,20.976,31.83,21.326,32.279,18.959,32.119,20.952,28.409,18.244,31.006,21.542,31.657,21.52,29.991,20.756,30.798,18.903,27.223,18.751,28.346,19.023,30.748,20.778,32.411,20.393,29.671,18.566,32.201,21.628,30.913,21.929,32.984,20.846,32.727,20.78,29.831,23.824,27.688,18.201,29.476,19.923,28.402,18.777,29.815,19.755,30.258,18.043
"Mar 30, 2021",31.281,22.022,31.522,20.28,30.987,23.408,29.726,21.022,29.589,23.071,29.807,22.411,27.82,18.158,28.437,19.728,29.524,22.791,30.982,22.724,32.153,22.344,29.99,23.154,29.049,19.283,29.633,21.405,31.641,19.412,31.79,21.644,30.648,21.414,27.463,17.533,32.277,22.154,30.499,21.137,30.499,21.137,29.452,20.853,29.017,19.005,30.012,22.342,30.359,22.727,31.299,21.822,31.941,22.313,28.093,20.22,27.86,18.504,33.004,21.333,29.502,22.184,27.868,17.848,31.648,22.089,31.477,22.268,30.433,22.002,32.905,21.084,30.289,21.99,31.876,21.623,29.2,19.068,31.386,22.359,31.215,21.393,29.441,20.696,31.567,19.539,27.424,18.916,27.491,17.718,30.121,22.125,32.949,20.92,29.356,17.563,31.676,22.566,30.319,22.878,32.854,21.917,30.502,22.689,29.762,23.327,27.74,18.625,30.143,19.585,27.968,19.022,29.532,20.555,29.144,17.28
"Apr 7, 2021",31.47,22.42,31.663,21.74,32.244,22.237,28.869,21.606,27.596,22.962,29.144,21.919,28.322,22.656,28.338,22.373,27.352,22.23,32.282,21.439,31.166,21.844,28.774,23.199,29.188,22.125,30.193,20.895,32.289,20.132,32.702,22.204,30.348,22.706,28.811,22.075,31.176,22.329,29.537,22.39,29.537,22.39,30.096,21.898,28.837,22.225,29.052,22.033,29.397,22.612,32.05,22.321,32.355,22.491,28.351,21.283,28.815,22.612,32.457,21.762,28.825,23.336,28.887,22.581,31.409,21.687,31.148,22.229,30.423,21.89,33.924,21.315,30.385,21.628,32.117,22.327,28.775,20.508,30.287,22.714,31.245,22.034,29.423,21.407,30.524,21.294,27.809,22.085,28.367,22.656,30.333,22.596,31.813,21.472,30.117,19.587,30.503,22.538,28.526,21.921,32.447,22.34,31.803,23.053,27.518,23.567,27.713,22.589,28.848,21.229,27.979,21.553,28.978,21.413,30.061,20.259
"Apr 15, 2021",32.283,23.95,32.649,22.543,31.743,23.405,27.285,22.06,30.247,24.275,29.528,22.698,26.7,23.337,27.667,22.621,30.726,23.115,34.186,22.675,33.329,22.591,27.407,23.933,29.782,21.967,28.982,22.533,32.97,22.485,32.92,24.764,29.437,22.994,27.977,23.309,35.008,23.812,29.898,23.48,29.898,23.48,29.45,22.172,28.594,21.791,31.681,25.492,29.764,22.775,33.59,25.258,35.011,22.131,27.417,22.294,26.076,21.908,34.975,23.807,28.764,23.476,25.968,21.399,31.899,22.976,34.309,23.755,31.782,23.159,34.158,23.977,28.742,22.778,31.373,23.159,30.133,22.291,32.689,23.816,31.107,23.266,28.604,22.789,33.208,22.162,27.222,21.965,26.331,22.304,30.142,23.3,35.715,22.58,27.251,22.334,30.871,23.168,30.839,22.684,36.08,23.2,32.774,23.177,30.188,24.434,25.864,21.879,30.421,22.099,26.699,21.273,29.888,22.455,27.986,22.884
"Apr 23, 2021",36.177,25.45,34.315,24.539,35.48,22.489,32.102,23.869,32.931,26.268,33.021,25.35,28.736,22.986,31.261,23.494,32.463,25.528,34.474,21.78,34.574,24.612,32.366,25.255,30.301,23.75,34.549,23.92,35.241,23.55,37.213,26.015,35.118,24.82,28.907,23.153,36.051,25.327,34.567,24.887,34.567,24.887,33.694,22.31,30.431,22.705,35.679,25.422,33.513,25.397,36.38,25.716,37.171,21.616,31.948,22.187,29.264,21.951,35.176,25.641,32.771,25.132,29.677,22.619,35.092,25.803,36.928,25.657,33.849,24.192,36.497,26.372,33.484,22.474,36.156,25.957,31.614,23.137,36.672,25.176,36.24,26.693,34.017,24.238,34.802,24.571,30.779,22.695,29.244,23.19,35.487,24.512,34.954,25.126,30.012,21.483,34.236,24.527,33.888,25.288,36.571,26.152,35.225,21.9,33.284,26.248,29.424,23.038,30.476,23.993,30.554,22.7,31.295,23.581,29.734,22.378
"May 1, 2021",34.054,23.83,31.295,22.652,34.338,23.913,26.456,23.229,31.438,24.03,31.868,24.356,26.378,21.901,30.212,23.377,30.73,23.682,34.612,22.721,33.942,23.486,30.283,24.557,30.257,22.737,31.894,23.342,31.452,22.164,34.213,24.243,34.368,23.41,27.046,20.47,31.446,24.039,31.073,23.243,31.073,23.243,30.305,22.713,30.263,22.603,33.537,24.003,30.667,24.279,34.3,24.412,33.574,22.861,28.812,22.936,25.988,22.497,32.644,23.641,31.181,24.162,24.827,21.933,32.572,23.95,34.212,24.559,31.052,23.486,33.118,23.87,27.719,23.31,32.548,23.811,29.409,22.412,33.43,24.54,33.433,24.128,30.54,23.239,31.804,22.874,29.775,22.53,25.608,21.288,32.918,23.777,31.805,23.237,26.139,20.484,32.506,23.915,31.503,23.889,33.168,24.067,33.193,23.309,31.796,24.373,29.47,22.515,30.927,22.947,28.779,22.577,31.339,22.917,26.314,20.011
"May 9, 2021",32.706,21.859,32.282,22.816,33.247,23.621,31.04,18.709,29.91,24.159,29.703,24.033,29.249,21.458,31.016,21.694,29.312,23.482,32.868,22.291,30.218,24.35,28.408,24.576,30.845,21.465,32.054,21.698,32.686,22.214,34.474,23.301,32.052,23.008,29.92,21.882,30.623,21.614,32.648,21.313,32.648,21.313,31.884,20.542,29.355,21.277,32.157,23.64,29.351,23.939,33.477,23.278,33.58,22.559,31.096,21.184,29.136,21.754,32.706,22.966,30.477,24.033,29.756,21.515,30.286,22.724,32.588,22.39,31.219,21.31,33.25,22.999,31.619,19.943,30.983,22.688,32.232,22.128,34.381,22.563,31.886,22.512,31.511,21.933,32.445,22.346,30.77,21.431,30.088,21.25,31.571,23.643,32.483,22.465,29.773,21.928,29.434,24.621,29.298,23.793,31.851,22.09,31.908,22.344,29.959,24.726,29.305,21.802,31.108,21.5,30.277,20.219,31.911,21.068,29.38,21.972
"May 17, 2021",33.522,27.081,32.7,26.229,33.249,24.708,30.712,27.425,32.4,27.038,31.349,25.784,31.346,25.107,32.125,26.976,31.562,26.596,32.536,23.492,33.042,25.586,29.544,25.799,30.398,26.303,31.893,25.742,32.416,25.053,33.144,25.848,33.362,25.339,31.627,25.01,30.451,25.452,32.985,26.739,32.985,26.739,31.46,26.72,30.68,25.887,34.745,26.564,31.588,25.485,33.371,25.975,32.164,24.311,30.983,27.017,29.671,24.905,30.852,27.098,30.378,25.754,31.959,24.723,31.774,26.317,32.348,25.767,31.287,25.378,32.253,26.039,30.083,26.601,30.905,25.708,32.452,25.622,35.427,26.453,31.835,25.766,30.472,26.621,33.167,27.028,30.922,27.123,32.224,24.595,30.371,25.441,32.685,26.625,31.539,23.813,32.449,25.704,31.897,25.852,30.957,25.55,32.819,24.153,32.404,27.032,,25.742,30.359,26.596,29.38,27.461,32.066,26.146,31.51,24.006
"May 25, 2021",34.03,26.359,28.84,25.793,32.753,24.799,32.916,26.039,28.658,26.175,29.226,27.431,27.28,25.942,29.384,26.869,29.194,26.545,30.962,22.385,29.952,26.725,29.618,26.291,26.415,26.357,30.139,26.72,,26.541,23.439,24.686,32.065,26.061,27.815,26.094,29.341,25.509,31.751,26.549,31.751,26.549,31.608,25.904,26.605,26.196,30.565,26.291,28.926,28.231,29.558,25.779,32.252,23.532,29.863,27.121,26.996,25.842,29.569,24.812,30.944,25.778,24.036,25.637,29.076,25.975,29.418,26.204,28.616,25.477,23.667,25.584,31.444,24.737,28.546,26.271,28.377,26.595,30.585,26.571,29.669,26.753,30.745,26.671,,26.44,29.963,26.743,27.441,25.77,32.004,24.994,27.695,24.552,,25.583,30.055,26.743,29.196,27.789,26.538,25.305,32.16,24.335,27.448,26.115,29.713,26.27,24.137,25.875,29.829,27.055,26.137,25.904,,25.715
"Jun 2, 2021",31.48,,30.262,24.346,26.871,21.77,27.966,25.881,30.744,25.296,30.4,,30.669,23.038,30.864,23.771,29.522,25.222,27.021,23.147,27.069,25.464,27.875,22.639,30.531,23.824,31.605,24.566,32.021,24.968,31.642,24.443,31.076,,32.044,24.132,29.871,,31.176,,31.176,,30.391,25.767,29.73,23.885,31.737,,30.72,25.042,31.324,,27.913,21.713,31.579,24.46,28.785,23.527,30.354,,29.958,,31.3,23.718,30.646,,30.147,,30.441,,30.762,24.622,29.688,26.075,30.228,22.213,32.206,24.111,32.38,,30.653,24.361,30.915,,30.529,24.335,31.186,24.791,32.326,24.281,29.57,22.25,30.59,24.679,31.779,23.935,29.396,24.868,30.399,25.444,28.869,,26.536,21.701,30.722,25.526,,23.437,29.241,23.301,,23.978,31.295,23.28,32.209,23.874
"Jun 10, 2021",25.828,,25.95,,29.786,22.465,26.849,,25.248,23.42,26.17,22.717,26.614,23.837,24.341,,25.645,,,,25.578,24.354,24.2,23.668,24.017,,28.289,,28.74,,28.145,,25.975,,,,25.584,,24.295,,24.295,,28.149,,24.636,,30.069,25.824,25.991,23.267,31.877,,30.836,,24.654,26.218,26.744,22.708,26.082,,28.252,23.258,26.857,22.622,,,28.382,,23.123,,27.538,,30.356,,24.597,,,,27.781,,25.617,,25.435,,,,23.879,26.244,29.389,21.404,25.533,21.625,24.78,,,,,23.737,26.325,,22.262,,29.972,,28.531,25.797,31.502,,23.726,,26.697,,28.775,,,
"Jun 18, 2021",27.079,26.23,25.84,24.89,24.238,24.549,,20.27,25.779,24.468,24.52,25.451,26.527,25.344,28.637,26.025,26.773,22.737,,18.804,24.571,23.27,23.915,25.403,27.062,25.817,26.838,24.8,27.963,24.962,27.582,25.215,27.334,25.273,28.84,25.724,26.616,,28.712,26.317,28.712,26.317,25.517,22.646,26.958,25.782,26.8,25.499,26.422,,28.968,25.259,27.929,21.379,27.271,24.657,27.56,24.946,26.64,25.238,22.707,25.062,27.492,25.276,26.748,26.267,27.801,,24.549,,28.16,25.366,,20.07,26.135,25.128,28.646,25.933,27.5,26.348,26.528,25.077,27.483,23.994,27.009,25.317,25.551,25.882,26.275,25.61,,24.92,26.113,25.507,28.714,24.933,24.195,23.803,24.857,25.796,27.255,,25.273,22.11,25.582,24.647,27.7,25.462,27.697,25.629,23.104,22.895,28.046,25.569,13.682,25.419
"Jun 26, 2021",29.303,,27.201,,25.31,,24.393,,27.567,25.343,28.704,,30.255,,30.089,,27.486,,28.133,,25.343,,28.489,,29.665,,,,28.519,,30.056,,28.166,,,,28.275,,29.237,,29.237,,,,28.608,,29.338,25.889,28.272,,30.085,,28.512,,24.973,,,,28.644,,28.616,,,,28.222,,29.165,,29.11,,29.842,,24.381,,27.558,,29.73,,28.839,,27.507,,29.932,,29.049,,24.068,,,,28.538,21.295,28.816,,,,27.377,,29.547,,28.551,,27.425,,26.262,26.183,,,29.479,,22.716,,29.441,,,
"Jul 4, 2021",26.89,24.91,27.584,27.261,23.55,22.929,23.817,21.359,23.681,25.241,28.443,26.668,12.882,26.217,26.344,27.206,24.202,27.112,26.058,,22.264,20.628,25.688,22.058,24.462,26.902,25.476,26.241,28.904,26.036,24.415,26.051,26.863,,,27.006,25.786,23.803,26.352,25.385,26.352,25.385,24.788,23.734,22.375,26.715,,26.533,,,21.922,26.213,27.605,23.432,22.333,22.44,23.217,24.451,26.689,,,26.305,21.598,25.513,26.196,26.466,27.748,25.773,23.331,24.874,28.104,,27.365,26.332,26.611,26.22,27.657,27.279,25.835,27.397,24.503,,27.353,24.876,26.513,27.608,24.993,26.976,24.755,25.475,26.314,21.345,24.902,24.957,27.836,26.14,20.664,19.355,27.077,26.947,25.078,25.374,27.577,22.848,21.338,26.852,25.545,27.16,23.717,26.958,23.621,24.651,26.634,26.333,28.366,26.303
"Jul 12, 2021",22.65,,29.264,,25.556,17.892,28.411,,23.937,24.977,24.065,,26.019,,7.038,,24.231,23.74,26.375,19.159,24.017,24.631,24.648,25.007,25.306,,24.132,,25.989,,25.785,,21.881,,26.07,,23.236,26.278,23.782,,23.782,,25.073,,27.159,,28.716,26.14,19.426,,25.355,,26.767,,23.506,,25.238,,26.109,,20.214,,10.357,,22.382,,22.399,,24.923,,28.041,,27.159,,23.155,,24.338,,21.71,,23.227,,23.979,,29.576,,19.11,,21.855,25.825,26.122,,23.851,,-17.766,25.959,23.364,24.952,24.423,,26.603,,25.214,18.498,25.754,25.064,27.588,,20.476,,25.033,,,,,26.355
"Jul 20, 2021",,,28.255,,28.342,22.255,32.102,,24.818,19.738,,,,25.631,29.244,,23.727,19.579,27.027,20.936,23.847,20.178,23.919,18.771,25.563,,25.046,,29.476,,30.136,,26.027,,31.524,25.736,,,27.923,,27.923,,28.032,,28.506,,28.886,,23.785,,29.736,,28.24,,25.795,,27.303,24.189,,,,,,25.939,27.038,,,,,,,,30.238,,26.348,,29.981,,,,23.548,,22.336,,28.308,,26.115,,,25.641,,,,,,25.777,21.579,20.127,13.921,19.937,,,26.297,20.607,26.995,19.6,29.684,,25.044,,25.472,,25.139,,,25.839
"Jul 28, 2021",25.97,,,,27.741,,27.106,,20.667,19.313,22.014,,21.902,22.142,22.878,,20.832,19.398,28.201,,23.075,,21.72,,5.427,,24.852,,26.334,,,,27.541,,,,,,27.583,,27.583,,24.258,,20.205,,24.527,,,,,,29.415,,22.852,,24.053,20.19,,,23.457,,23.047,21.413,25.129,,,,26.068,,,,27.241,,27.887,,24.488,,0.63,,,,23.261,,,,23.379,,19.134,16.617,26.066,,25.765,,28.224,,23.01,,18.279,,,,29.667,21.154,,18.89,,,22.572,,23.639,,27.016,,,
"Aug 5, 2021",29.909,,31.365,26.046,28.796,19.159,30.537,26.559,27.985,20.719,27.469,21.023,,23.43,,,27.937,20.037,28.636,,28.048,20.42,26.314,20.412,,24.415,29.859,,30.636,,29.594,,29.403,,,,28.044,,29.504,,29.504,,29.85,26.427,30.914,23.446,28.645,,26.025,22.188,29.662,,27.318,,28.227,,27.763,23.858,,26.053,27.905,20.919,16.776,25.654,28.564,,29.337,,27.694,,28.384,25.605,29.552,26.036,29.645,,30.839,20.438,28.971,,31.335,,28.532,,,26.452,27.234,,26.361,27.48,28.868,19.176,27.497,26.073,29.132,,27.323,20.449,27.982,21.849,28.104,,26.664,21.619,27.691,21.147,,,26.424,26.498,27.868,26.938,30.879,,26.85,
"Aug 13, 2021",,,24.875,,23.51,,,,27.27,18.124,,,0.829,,16.689,,25.835,18.945,23.669,,27.154,,,,,,,,24.052,,,,,,6.497,,,,,,,,,,21.214,,,,,,,,27.209,,21.847,,21.331,20.722,24.765,,,,7.941,20.909,,,,,,,,,,,,,24.263,,,,,,,,25.438,,,,10.898,,,,23.526,,,,24.812,,24.449,,,,24.392,,27.341,,,,20.677,,,,22.516,,,
"Aug 21, 2021",23.61,25.796,24.747,,24.175,21.45,25.183,25.371,22.734,21.939,22.203,22.85,14.199,22.052,,25.041,21.781,21.422,23.117,19.413,22.139,21.919,23.39,22.898,19.826,22.067,,,27.26,,29.931,,28.182,,,,27.261,,,24.994,,24.994,,,24.593,21.488,28.666,,21.403,22.787,25.426,,24.411,,22.078,26.331,18.266,22.997,26.625,,22.871,,4.593,22.699,23.387,,,,24.294,25.131,30.03,,,,21.993,18.95,23.986,23.054,28.798,,23.169,18.325,,,25.152,,24.528,20.831,22.801,22.628,26.108,22.368,26.297,25.4,,,21.931,21.11,,22.16,,25.861,23.424,21.179,24.177,22.886,27.139,21.391,27.226,21.67,26.269,21.502,,25.424,,
"Aug 29, 2021",29.318,,28.132,25.702,27.028,24.886,29.991,25.561,25.264,25.267,26.927,25.671,27.768,26.322,31.048,26.465,25.58,24.763,24.823,22.585,25.528,25.472,23.782,25.079,27.959,24.826,29.955,,28.002,26.112,28.703,23.175,29.761,26.711,26.889,26.524,25.693,26.17,30.405,,30.405,,30.404,27.153,28.699,26.5,28.205,26.217,26.519,25.768,28.262,25.826,26.777,24.028,27.674,27.846,26.272,25,28.004,,25.195,25.59,25.613,26.026,26.672,,25.534,,27.347,,27.608,,30.502,26.843,25.947,,27.871,25.626,23.241,25.867,27.933,,29.273,26.691,28.452,25.925,29.835,26.557,24.642,26.455,27.375,25.98,28.818,26.664,16.52,26.394,25.858,25.797,27.28,25.529,27.542,,26.401,23.55,25.351,25.804,30.652,26.913,28.237,,28.863,26.381,29.74,,27.655,26.535
"Sep 6, 2021",28.099,,28.5,25.539,26.785,22.45,29.732,21.619,27.459,25.669,27.042,,29.564,24.573,28.142,26.069,26.484,25.288,27.585,21.611,21.632,26.265,25.721,25.303,28.083,25.906,28.294,,29.242,25.302,28.938,26.059,28.745,,30.51,26.48,27.111,26.165,26.995,,26.995,,28.258,,28.408,26.271,26.584,22.46,28.011,26.509,28.242,,27.232,,26.174,,29.155,25.022,26.622,26.248,27.803,,29.83,25.177,28.188,,28.318,25.482,26.876,26.223,29.291,26.021,28.803,,26.404,,29.518,26.282,27.967,25.817,27.517,,26.894,,28.516,27.041,29.232,26.044,29.768,26.737,27.839,20.485,28.046,26.892,29.591,26.091,24.239,26.279,27.163,26.544,27.189,26.261,25.971,20.278,25.398,26.068,28.557,25.54,27.66,25.937,29.325,,29.048,26.208,29.73,26.343
"Sep 14, 2021",28.514,,26.424,25.256,26.347,,27.628,23.297,27.192,19.058,25.838,,25.936,24.995,29.765,25.357,23.856,,25.646,,25.77,,21.843,,27.649,24.845,29.746,,26.933,25.067,24.489,,29.663,,24.132,24.904,25.282,,29.532,,29.532,,28.893,,27.222,25.315,,,27.046,,,,27.239,19.769,28.781,,27.015,25.85,25.576,25.917,23.939,,27.458,25.328,27.38,,12.797,,26.896,,24.431,,27.619,21.73,26.106,,26.002,25.219,25.279,,30.295,,30.346,,27.14,25.439,28.785,25.398,26.838,25.014,26.914,19.357,27.471,,29.184,25.567,26.244,,26.498,,25.661,,25.682,,23.152,18.074,26.495,25.004,28.211,25.198,27.45,25.731,28.881,25.067,26.277,24.89
"Sep 22, 2021",31.209,25.583,30.118,26.14,28.188,20.55,31.699,26.147,28.075,24.85,27.003,25.714,30.487,25.607,31.649,25.947,27.578,24.746,27.104,21.281,27.98,25.201,27.533,19.987,30.554,,30.675,27.013,29.691,,30.226,,29.621,26.232,30.029,25.679,28.517,25.426,31.801,25.599,31.801,25.599,31.358,26.778,31.842,25.384,28.441,25.399,28.04,25.453,28.67,24.921,28.946,24.524,30.626,27.026,30.262,25.662,29.856,25.077,27.071,,30.202,26.277,28.137,25.609,28.187,25.153,29.872,25.815,30.431,,31.068,25.613,28.318,25.416,30.835,25.614,28.291,25.892,30.506,25.495,30.792,25.582,30.558,26.872,32.124,26.962,30.372,26.33,27.433,,30.319,26.507,30.104,26.672,27.872,23.6,28.485,25.239,28.484,25.27,27.569,23.074,27.507,25.346,31.763,25.994,30.316,26.214,31.259,27.582,31.024,25.495,29.971,26.227
"Sep 30, 2021",28.525,25.281,26.12,24.816,28.159,24.451,26.791,25.519,28.648,25.013,27.067,25.303,27.989,24.457,26.709,25.517,26.468,24.96,27.336,21.903,27.382,25.679,26.896,25.646,25.921,24.712,27.218,24.392,26.061,24.254,26.749,24.532,28.055,25.759,27.856,23.471,27.553,25.358,27.181,24.623,27.181,24.623,26.628,25.368,27.158,24.969,27.671,25.064,26.933,24.86,27.638,24.27,27.298,23.641,24.612,25.804,27.13,24.924,27.309,24.411,27.256,25.749,28.467,24.268,28.708,25.291,27.611,24.871,28.325,25.32,27.254,24.242,26.068,25.192,26.732,25.735,27.15,22.937,27.902,25.801,28.656,24.558,27.666,23.641,28.995,25.253,26.777,26.054,28.298,23.357,28.044,25.662,26.876,25.276,27.462,23.387,26.591,25.473,27.306,25.21,27.039,24.998,27.066,23.634,28.287,25.539,26.41,25.344,26.241,25.487,26.898,26.278,27.287,25.214,25.18,23.021
"Oct 8, 2021",31.71,25.35,29.053,25.32,28.187,24.351,29.822,26.086,28.58,25.478,28.491,25.165,27.794,25.307,28.99,25.228,28.24,25.285,26.404,20.854,28.734,25.075,27.309,24.884,28.321,24.777,31.1,25.674,29.292,24.68,30.031,24.705,30.873,25.232,28.099,24.783,30.366,25.487,30.869,25.148,30.869,25.148,30.1,25.532,28.36,25.246,28.834,25.808,28.704,24.676,28.428,24.743,28.857,23.816,30.382,26.185,27.912,25.387,29.333,24.976,28.424,24.73,28.65,25.173,30.006,25.319,29.684,25.304,30.957,25.285,30.13,24.915,30.02,25.431,30.318,25.376,28.511,24.763,29.45,26.31,31.571,25.103,30.995,25.144,29.966,25.553,29.657,25.898,28.956,24.871,28.526,24.863,30.376,25.721,29.108,25.013,28.08,25.017,28.403,24.981,30.081,24.898,27.776,22.809,29.254,25.747,28.377,25.418,29.823,25.46,29.692,26.764,30.254,25.129,28.828,23.907
"Oct 16, 2021",29.278,24.141,29.04,23.733,27.382,21.554,27.532,22.471,26.609,23.634,25.773,24.434,27.43,21.3,27.339,21.399,26.828,23.173,26.21,18.887,26.913,24.523,25.997,24.483,27.906,22.149,28.125,20.182,28.21,21.72,29.372,23.668,27.697,,27.756,19.931,27.016,23.22,28.169,23.129,28.169,23.129,27.917,22.993,27.764,21.586,28.005,23.852,26.611,23.985,27.365,23.052,27.198,17.499,27.701,23.665,26.912,22.793,28.308,22.747,24.552,25.058,27.037,20.557,24.891,23.62,26.047,23.891,27.765,23.11,29.982,23.317,28.139,21.249,28.047,24.059,28.397,19.4,26.866,24.465,28.169,24.098,28.228,22.775,28.765,23.613,27.204,22.356,27.134,21.491,25.806,23.564,27.682,23.701,27.05,21.849,26.665,24.68,26.863,23.959,26.084,23.711,26.513,17.811,27.69,24.414,27.512,21.32,26.845,23.361,27.227,23.746,27.373,21.904,27.551,21.293
"Oct 24, 2021",29.532,23.258,28.446,22.276,27.851,23.709,28.463,23.731,27.026,23.968,27.167,23.812,27.909,21.514,28.53,22.242,26.811,23.661,27.026,22.588,26.708,23.901,26.712,24.16,28.181,21.301,28.814,23.841,28.226,21.856,29.127,21.572,28.377,23.815,28.021,21.242,28.819,22.262,28.934,22.823,28.934,22.823,28.867,23.733,28.856,21.714,28.079,22.905,26.813,23.085,27.994,21.383,27.415,22.621,28.602,24.25,27.587,21.909,28.045,22.091,27.122,24.037,27.98,21.324,28.72,23.468,28.314,21.621,29.284,22.639,29.268,21.8,28.389,23.246,28.65,23.503,28.212,21.637,28.363,23.637,29.791,23.366,28.577,22.993,28.326,22.291,28.779,23.49,27.945,21.233,27.212,24.375,28.806,22.805,27.903,21.08,26.665,24.233,26.846,23.353,28.679,22.21,26.877,23.288,27.233,24.275,28.414,21.742,28.67,22.201,28.754,24.863,29.096,21.956,28.019,20.652
"Nov 1, 2021",28.038,19.89,27.464,19.014,27.765,19.587,27.202,19.502,26.198,21.076,26.209,20.648,26.742,19.008,26.856,18.64,25.948,20.829,26.718,19.317,25.665,19.655,25.919,20.987,26.797,18.519,27.568,19.417,26.604,18.596,28.056,18.125,27.049,19.472,27.038,18.248,27.627,19.522,27.167,19.304,27.167,19.304,26.981,19.142,27.196,18.838,27.151,19.653,25.969,19.508,27.14,18.246,26.247,17.903,26.894,20.075,26.768,20.001,27.362,18.38,25.991,20.436,27.345,18.965,27.631,19.687,27.278,18.753,27.877,19.818,28.124,18.081,26.379,18.548,27.622,20.403,27.068,18.389,27.237,20.794,28.252,20.124,27.147,18.848,27.108,19.182,26.852,19.844,27.298,18.518,26.277,20.268,27.505,19.419,27.512,18.139,25.853,20.163,25.877,20.114,27.045,19.447,26.222,19.995,26.574,21.484,27.106,18.651,27.192,19.29,26.671,21.797,27.337,18.735,27.449,17.592
"Nov 9, 2021",27.774,19.524,27.463,18.711,27.666,22.58,26.824,21.135,24.724,21.388,25.187,20.695,26.339,18.087,26.811,18.958,24.552,20.89,26.689,22.047,24.415,20.701,24.998,22.269,27.114,18.098,27.389,21.112,27.296,18.469,27.066,17.939,27.024,20.328,27.205,17.448,27.334,18.586,26.885,19.701,26.885,19.701,26.917,20.803,26.807,18.589,26.507,18.824,24.5,19.59,26.683,17.382,27.775,21.595,26.919,20.8,26.135,19.039,26.566,17.638,26.034,21.386,27.584,18.278,26.813,19.053,27.486,17.829,27.56,18.914,28.076,17.625,26.54,20.203,27.256,19.584,27.344,17.647,26.784,19.871,27.347,19.81,26.595,19.95,27.04,18.748,27.064,20.375,27.684,17.884,26.259,21.709,26.822,18.602,28.263,17.487,24.591,21.367,24.609,19.804,27.115,18.397,26.69,22.581,25.432,21.724,27.143,18.538,27.06,18.61,26.13,22.453,27.148,18.418,28.384,16.873
"Nov 17, 2021",28.03,17.979,28.005,17.628,28.029,18.471,27.004,18.329,24.402,20.929,25.347,19.53,26.576,16.401,26.357,17.663,24.335,20.352,26.999,18.837,24.227,18.681,25.179,20.24,28.244,16.757,27.68,18.281,27.468,17.013,27.038,17.699,27.162,17.843,28.046,16.109,27.081,18.075,27.193,18.014,27.193,18.014,27.502,18.333,27.101,17.124,25.647,19.145,23.959,18.622,26.628,17.588,26.11,17.119,26.956,19.106,25.746,17.171,27.213,17.534,25.985,19.34,27.995,16.743,26.843,18.444,26.928,17.812,27.095,17.968,27.61,17.283,26.844,17.999,27.336,18.334,28.425,16.51,26.86,19.66,27.905,18.164,27.093,18.243,27.703,17.824,26.445,18.737,28.045,16.68,26.703,19.24,27.622,17.8,27.916,17.084,25.093,19.239,23.825,19.127,27.22,18.073,25.535,18.975,25.498,21.654,26.675,16.881,27.876,17.654,26.208,20.193,27.869,17.41,28.31,16.099
"Nov 25, 2021",26.849,16.525,26.144,16.76,27.463,17.514,26.069,17.191,25.504,19.613,26.01,18.369,26.174,16.125,26.918,15.637,25.574,19.053,25.607,17.689,26.266,17.807,26.028,19.3,27.01,15.096,27.939,17.121,25.237,16.212,26.076,16.151,27.063,16.897,26.759,15.832,26.685,16.387,26.727,16.601,26.727,16.601,27.454,17.186,26.446,15.157,26.127,17.735,26.038,17.435,26.511,15.931,25.42,15.952,26.999,17.61,25.204,16.251,25.676,16.079,25.905,18.635,26.302,16.243,27.604,16.796,26.757,16.071,25.556,16.295,26.678,16.067,25.992,16.703,26.431,17.039,26.55,15.523,25.365,18.322,27.783,16.879,27.181,16.616,26.378,16.358,26.463,17.235,26.392,16.344,26.721,18.264,26.093,16.088,26.713,16.798,26.597,18.368,26.037,18.018,25.472,16.391,24.452,18.126,25.934,20.072,26.932,14.577,26.139,15.748,25.535,19.535,26.499,15.338,27.473,16.003
"Dec 3, 2021",24.78,18.851,26.392,16.82,25.246,17.59,24.358,18.577,23.957,19.647,23.66,16.616,25.621,16.687,26.453,17.756,23.859,18.901,24.84,18.275,24.272,17.376,23.787,17.741,26.424,16.852,22.182,18.149,26.085,16.526,25.312,17.599,21.314,16.723,25.997,16.645,22.437,19.273,24.407,18.774,24.407,18.774,22.712,18.098,25.913,16.794,22.673,17.875,24.337,16.615,22.734,17.591,22.815,15.263,24.205,17.802,24.649,17.43,25.594,16.653,23.374,14.163,25.68,16.748,24.376,18.7,22.399,17.88,23.069,18.462,25.9,17.096,23.193,18.173,23.884,18.079,26.72,16.777,21.717,19.175,24.634,17.731,23.272,17.737,26.135,17.234,26.377,18.04,25.41,15.935,24.881,16.182,25.182,17.657,25.566,15.718,24.271,17.864,24.322,17.748,23.131,18.405,22.133,16.291,23.792,20.328,27.566,16.979,24.679,17.807,24.192,18.934,24.937,17.76,25.909,15.545
"Dec 11, 2021",23.919,16.481,22.918,14.94,24.635,16.343,24.299,16.021,22.616,17.541,22.797,16.968,23.886,14.622,24.445,15.7,22.529,17.144,23.339,16.244,23.265,16.441,23.257,17.905,23.738,15.042,24.271,16.959,22.574,13.903,22.026,15.442,23.903,17.43,23.995,14.089,23.012,16.124,24.003,16.349,24.003,16.349,24.296,16.306,23.732,15.093,22.454,17.196,22.579,15.669,22.482,16.144,23.428,15.267,24.254,16.621,23.906,15.197,22.808,15.185,23.035,17.477,24.695,14.757,23.192,16.729,22.465,16.63,22.273,15.903,22.305,14.946,23.693,16.039,23.298,17.11,23.457,14.389,22.563,17.659,24.217,17.053,24.289,16.255,23.379,15.043,25.014,15.899,23.884,14.697,23.778,17.51,22.636,15.402,24.653,14.295,23.558,16.932,22.749,16.216,22.653,15.971,22.707,16.651,22.903,17.781,24.18,15.148,22.866,15.13,24.276,17.711,22.578,15.263,24.835,13.44
"Dec 19, 2021",22.021,14.977,21.651,13.856,23.035,15.347,23.283,15.373,20.864,15.634,21.153,15.436,21.772,13.98,22.355,15.145,20.595,15.321,22.115,15.329,22.129,14.816,21.705,16.131,22.414,13.889,22.513,15.481,21.97,13.007,21.792,14.036,21.93,15.839,21.831,13.216,21.878,14.514,21.655,15.341,21.655,15.341,22.71,15.392,21.788,14.324,21.586,15.388,21.502,14.409,21.928,14.504,21.461,14.39,22.324,15.707,21.507,14.394,21.732,13.846,21.429,16.011,22.341,13.644,21.671,14.94,21.948,14.786,21.271,14.44,22.379,13.582,22.474,15.103,21.588,15.239,22.654,13.376,21.617,15.643,22.288,15.625,22.081,15.267,22.14,13.862,23.136,15.422,21.562,13.526,21.995,15.83,21.57,14.086,22.727,12.928,22.245,15.196,21.256,14.768,21.56,14.561,21.312,15.67,21,15.959,22.458,14.433,21.886,14.002,22.507,16.646,21.71,14.233,22.367,12.681
"Dec 27, 2021",22.78,15.45,22.148,15.306,23.894,15.601,23.262,15.769,21.342,16.625,22.318,15.846,22.594,13.718,23.683,15.3,21.312,16.229,22.419,15.398,23.099,15.689,22.967,16.468,22.92,14.033,23.17,15.676,21.301,14.48,22.04,15.576,22.731,15.802,22.386,13.074,22.246,15.228,22.777,15.613,22.777,15.613,22.493,15.56,22.589,13.795,21.777,16.578,22.69,15.167,22.167,15.735,22.13,14.978,23.59,15.996,22.723,13.058,22.121,15.332,22.294,15.77,23.002,12.976,22.208,15.621,22.324,15.59,21.756,14.801,22.143,15.714,22.271,15.193,22.45,15.454,22.406,13.958,21.905,16.374,23.437,15.847,22.751,15.553,22.585,14.998,24.298,15.625,22.529,13.254,23.1,15.793,22.313,14.919,23.403,12.775,23.604,16.073,22.353,15.536,22.136,15.318,21.244,15.944,21.615,16.762,23.171,14.107,22.264,14.06,23.067,16.503,22.565,14.115,22.461,12.755
"Jan 1, 2022",22.05,15.258,21.365,14.3,23.739,15.481,23.247,15.492,21.238,15.707,21.653,15.829,22.406,13.905,21.979,15.589,20.629,15.433,21.809,15.379,22.841,14.99,22.666,16.364,21.907,13.964,22.312,15.823,21.277,13.457,21.392,14.387,21.475,15.716,22.305,12.975,21.915,14.175,21.673,15.793,21.673,15.793,22.106,15.709,22.423,14.252,21.908,14.91,22.242,14.51,22.384,14.507,22.097,14.861,21.964,16.295,22.609,14.279,21.52,14.3,21.125,16.029,22.787,14.14,21.668,14.833,22.367,14.4,21.255,14.624,21.831,14.091,22.47,15.255,22.232,14.845,21.685,13.462,21.507,15.237,22.27,15.777,22.024,15.594,21.511,14.723,23.23,16.279,22.042,13.656,21.035,16.091,22.031,14.472,22.452,13.306,23.086,15.523,21.314,14.845,22.134,14.764,21.439,15.858,21.641,16.006,22.814,14.933,21.789,14.185,22.378,16.961,21.895,14.511,22.273,12.386
"Jan 9, 2022",23.275,14.639,21.45,14.715,24.294,15.617,23.123,15.14,22.138,16.215,22.652,15.658,21.431,14.18,22.745,15.374,22.174,15.83,23.401,16.06,23.963,15.55,22.717,16.337,21.797,14.171,23.581,13.928,21.397,14.233,22.719,15.472,23.267,14.616,20.596,13.543,23.48,14.24,22.485,15.297,22.485,15.297,23.065,14.699,22.598,14.351,22.886,15.693,23.498,14.908,23.156,15.635,22.582,15.205,22.794,16.018,21.848,14.324,22.138,14.919,22.06,16.23,21.458,14.021,23.211,15.008,23.509,14.948,22.264,14.151,22.508,15.113,23.138,14.747,23.635,14.592,20.48,14.557,23.254,15.18,23.928,15.316,23.24,14.161,21.695,15.135,23.441,15.862,20.763,13.738,22.931,16.332,22.258,14.477,21.43,13.341,23.817,15.782,23.175,15.207,23.041,14.971,22.298,15.718,22.209,16.545,23.076,15.23,21.786,14.372,22.467,16.199,22.284,14.373,20.252,12.95
"Jan 17, 2022",20.469,14.919,19.783,14.164,23.409,14.984,23.061,15.524,20.523,15.918,21.455,15.345,19.283,13.388,20.811,15.983,20.674,15.291,22.769,14.877,22.793,15.167,21.899,16.044,19.434,13.68,20.814,15.822,19.23,13.327,20.679,14.64,20.016,15.569,20.402,12.749,21.513,14.08,20.11,15.59,20.11,15.59,22.414,16.346,20.385,14.222,20.866,15.818,21.805,14.465,21.325,14.914,21.388,14.07,20.637,16.781,21.453,13.572,20.167,14.356,21.154,15.523,20.605,13.382,21.432,14.359,21.69,14.36,19.173,14.205,20.352,14.245,21.684,15.399,21.571,14.493,18.808,13.423,21.386,15.508,20.722,15.367,19.707,15.653,19.923,15.038,23.346,16.444,19.728,12.843,21.867,15.782,20.173,14.062,20.242,12.04,22.908,15.504,21.579,14.755,21.436,14.254,21.315,15.375,20.104,16.219,20.417,15.08,19.126,14.15,22.277,16.321,19.211,14.718,19.657,11.91
"Jan 25, 2022",22.017,13.298,20.69,12.349,23.084,14.257,21.371,12.903,21.299,15.068,21.631,14.551,19.465,11.665,20.97,14.118,21.032,14.67,21.777,12.944,23.399,14.589,22.241,15.297,20.569,12.151,21.643,15.069,20.059,11.81,20.837,13.071,21.845,14.576,19.634,10.85,21.713,12.612,20.744,13.585,20.744,13.585,21.814,14.037,20.59,12.337,21.821,14.9,22.359,13.934,21.528,13.547,21.078,13.076,20.585,14.76,20.343,11.748,20.77,11.956,21.366,14.718,19.529,11.327,21.718,14.123,21.723,13.132,21.14,12.022,20.252,12.04,22.153,13.288,21.479,13.442,20.202,12.61,21.95,14.471,21.682,13.964,21.025,14.505,20.476,12.771,21.008,14.372,18.867,11.376,22.223,14.912,21.342,11.855,19.684,10.541,23.421,14.882,22.019,14.231,21.107,12.316,20.377,13.721,21.497,15.449,20.402,13.294,20.85,12.273,20.643,13.536,20.864,12.461,18.622,9.755
"Feb 2, 2022",22.36,14.2,21.141,13.737,24.296,14.874,21.675,13.624,22.244,16.715,22.543,15.831,21.109,13.106,21.88,15.353,21.792,16.16,23.23,13.902,24.156,15.266,22.888,16.202,21.479,13.77,22.469,15.296,20.62,13.728,22.218,14.248,22.659,15.855,21.275,13.102,22.543,13.769,22.198,14.627,22.198,14.627,22.315,14.593,21.702,14.156,22.855,17.072,23.263,15.609,22.569,15.139,22.098,13.36,21.68,15.096,20.763,13.153,21.846,12.864,22.219,15.768,20.373,12.586,21.71,14.571,22.968,14.997,21.404,13.364,21.845,13.48,21.897,13.503,21.577,14.054,21.277,14.413,22.803,16.36,22.353,14.425,22.257,14.96,21.689,13.642,21.919,15.352,20.14,12.889,23.218,15.495,22.195,13.244,20.853,11.926,24.114,15.539,22.3,15.716,22.383,13.781,21.814,14.124,22.364,17.274,21.382,15.073,21.709,13.776,20.579,14.385,21.943,14.19,20.585,11.582
"Feb 10, 2022",24.648,15.26,23.057,14.963,25.146,15.154,24.672,14.328,22.943,16.247,23.234,15.777,22.831,15.344,23.788,16.737,22.737,15.694,24.795,14.608,25.299,14.785,23.724,16.311,23.243,15.782,24.021,15.856,22.913,15.023,23.603,14.491,24.163,16.205,23.091,15.514,24.716,13.855,24.131,15.34,24.131,15.34,23.99,15.343,23.524,15.882,23.92,16.729,24.019,15.319,24.227,15.197,24.161,13.815,23.029,15.74,22.662,15.403,23.487,13.585,23.188,15.881,22.874,14.402,23.692,15.04,24.583,15.178,23.97,14.184,23.289,13.856,24.38,14.429,23.591,14.141,23.057,16.287,24.122,16.099,25.145,15.354,24.099,15.697,23.192,14.889,23.515,16.599,23.028,15.149,24.008,15.534,23.998,14.043,24.649,13.792,25.113,15.349,23.645,15.219,24.343,14.025,23.22,14.809,23.113,16.745,23.575,16.687,23.534,15.35,22.909,15.11,23.787,15.446,23.271,13.592
"Feb 18, 2022",25.851,15.974,24.265,16.396,26.314,17.142,24.348,15.176,24.248,17.958,24.554,16.888,23.236,15.364,23.818,16.514,23.812,17.465,25.722,15.907,27.329,17.189,24.861,17.934,24.373,16.831,24.407,16.611,23.74,16.054,24.959,16.505,24.751,17.125,23.488,15.718,25.808,14.777,24.869,15.579,24.869,15.579,24.263,15.892,24.033,16.317,25.371,18.122,25.5,16.627,25.64,16.618,24.919,15.771,23.178,16.058,23.261,15.043,25.003,15.588,24.124,16.965,22.669,14.496,25.223,15.584,25.813,16.164,25.253,15.291,24.593,16.228,25.018,14.851,24.344,14.466,23.871,17.229,25.457,17.067,25.678,15.822,24.701,16.107,24.771,16.238,23.212,16.077,22.728,15.296,25.096,17.227,25.574,15.174,23.704,13.882,26.801,17.184,25.116,16.748,26.021,14.863,24.01,16.269,24.62,18.55,23.804,16.563,24.752,16.532,22.32,15.401,24.777,16.05,23.069,13.972
"Feb 26, 2022",28.845,18.862,26.986,18.188,29.709,17.692,28.181,17.468,26.865,19.914,27.674,19.374,26.034,17.832,26.608,19.258,26.616,19.407,29.684,17.571,30.743,18.737,27.8,19.867,26.908,19.072,26.978,18.846,26.661,17.416,26.453,18.666,27.601,19.23,26.057,17.821,28.178,17.794,27.848,18.346,27.848,18.346,26.988,18.15,26.615,18.679,27.25,20.372,28.524,19.183,27.053,19.311,28.769,16.377,25.794,18.374,25.477,17.937,27.428,17.873,27.486,19.325,25.127,17.022,27.966,18.633,27.687,18.802,27.782,18.591,26.651,18.175,28.435,17.309,27.425,17.679,26.105,18.888,27.556,19.475,29.05,18.547,27.437,18.658,26.454,17.739,26.193,18.756,25.125,17.382,28.386,18.669,27.87,17.935,26.047,16.615,30.397,19.049,27.944,18.866,27.73,18.171,27.522,17.53,26.863,20.784,25.804,18.883,27.192,18.899,25.959,17.887,27.283,18.828,25.803,16.128
"Mar 6, 2022",29.97,18.21,29.633,19.024,30.155,19.319,30.693,18.858,27.847,20.216,28.182,19.927,29.397,19.266,28.931,19.859,27.361,19.765,30.579,18.873,31.063,19.03,28.064,20.583,29.044,19.59,28.045,18.924,29.277,18.508,28.983,18.093,28.205,19.039,29.076,19.994,30.92,17.436,29.642,18.568,29.642,18.568,28.622,19.151,29.465,19.273,28.749,19.704,29.218,19.523,29.407,18.334,29.694,17.954,27.501,19.032,29.022,18.846,30.093,17.695,28.06,20.161,29.005,18.738,29.447,18.251,30.17,18.154,29.494,18.444,29.433,17.873,30.359,19.236,28.655,17.364,28.118,19.498,29.5,18.957,30.132,18.479,28.665,18.732,28.86,17.526,27.513,20.247,28.497,19.603,28.86,19.249,30.541,18.114,30.66,19.277,30.685,19.409,28.499,19.389,30.957,17.955,28.742,19.023,27.857,20.771,28.654,19.396,29.026,19.181,27.734,19.738,29.103,18.84,29.612,19.172
"Mar 14, 2022",31.523,21.849,30.644,22.344,31.366,22.002,31.506,20.295,29.517,23.12,29.938,22.702,29.135,21.69,28.848,21.809,29.349,22.538,32.473,21.314,33.556,22.052,30.459,23.315,28.956,22.618,29.29,20.678,30.522,22.25,30.589,21.151,29.713,22.198,28.92,21.863,32.443,21.253,30.879,21.573,30.879,21.573,29.949,20.492,29.026,21.848,30.027,22.918,31.134,22.608,30.594,21.178,31.423,21.32,28.66,20.575,29.578,21.289,31.741,21.147,29.6,22.768,29.456,21.158,31.224,21.962,31.369,21.012,31.071,21.744,31.545,21.082,31.679,20.542,30.697,21.301,28.702,22.672,30.901,22.556,31.641,22.096,29.863,20.965,30.049,21.455,28.207,20.677,28.599,21.171,30.699,22.158,31.669,21.089,30.895,21.118,33.447,22.421,30.49,22.461,32.085,21.245,30.675,22.04,29.519,23.598,28.023,21.639,29.618,21.926,28.465,20.717,29.78,21.735,30.133,21.157
"Mar 22, 2022",30.032,23.142,31.384,23.793,29.385,22.87,31.332,21.908,28.592,23.907,28.766,23.665,30.822,22.469,28.893,23.624,28.215,23.778,30.715,21.736,30.892,23.822,28.93,23.927,30.139,23.33,28.746,22.835,30.792,22.994,30.44,23.505,29.051,23.047,30.424,22.158,31.188,23.363,29.747,23.258,29.747,23.258,29.783,22.6,28.714,23.067,29.484,24.022,29.269,23.794,30.238,23.657,31.227,22.613,28.54,22.599,29.42,22.056,31.936,23.39,28.786,23.316,29.673,22.03,30.234,23.434,30.55,23.443,29.461,22.951,32.288,23.472,31.413,22.4,29.983,22.501,29.456,22.871,29.948,24.028,29.527,22.738,29.359,22.705,31.139,23.423,28.086,22.667,29.305,21.817,29.319,22.912,31.286,23.015,30.147,21.058,30.606,23.729,28.867,23.79,31.325,23.233,29.706,22.009,28.848,24.067,27.462,23.257,29.502,22.833,28.902,20.836,29.038,23.045,30.884,21.496
"Mar 30, 2022",29.212,24.08,29.286,23.833,31.261,22.818,27.907,22.402,27.045,23.654,28.348,23.269,28.064,21.214,27.137,23.173,27.166,23.71,31.77,21.74,29.499,23.75,28.385,23.776,27.165,22.068,28.041,23.017,28.741,23.265,29.5,23.69,28.309,23.235,28.264,21.264,30.21,23.519,28.614,23.836,28.614,23.836,29.192,22.229,27.363,22.179,27.922,23.668,29.159,23.303,29.034,23.407,30.385,22.174,26.464,22.873,26.866,20.619,30.277,23.804,28.391,23.819,27.285,21.033,29.368,23.308,29.297,23.454,27.118,23.59,30.41,24.531,29.928,22.27,28.598,23.697,28.242,22.563,28.378,24.011,28.473,24.018,27.028,23.58,29.367,23.447,26.181,22.123,27.459,21.059,29.462,23.069,29.752,23.079,27.572,21.529,29.185,23.49,28.323,23.751,29.229,23.007,30.824,22.242,27.1,23.771,25.797,22.787,27.842,22.794,26.116,21.638,28.123,23.266,28.915,21.358
"Apr 7, 2022",30.466,23.259,29.289,23.227,30.874,22.673,27.916,23.508,26.976,23.407,28.312,24.496,23.86,23.253,28.157,23.106,25.805,23.482,31.835,21.579,29.221,22.707,27.77,23.572,27.195,22.893,27.594,22.646,28.613,22.229,29.393,23.146,28.995,22.813,25.6,22.894,30.865,23.562,29.161,22.541,29.161,22.541,26.482,23.062,26.86,23.354,26.449,23.397,29.309,24.069,28.69,23.194,31.123,22.876,26.529,22.55,23.017,21.973,29.555,23.573,27.437,24.193,25.05,22.901,29.83,23.907,28.167,23.385,29.634,23.578,30.395,23.573,28.452,23.953,29.737,22.923,28.664,22.802,27.354,23.009,29.497,22.349,28.667,21.85,28.54,24.07,25.218,22.428,24.466,23.189,28.671,23.512,29.957,23.91,23.504,22.348,29.473,23.202,27.319,23.905,30.673,24.095,29.429,22.655,26.993,23.417,26.957,23.826,27.589,23.413,25.093,22.068,28.532,23.075,24.843,21.925
"Apr 15, 2022",29.967,23.73,28.086,24.068,30.101,24.318,24.955,21.59,28.427,23.194,26.132,22.66,26.581,21.87,26.03,21.849,28.708,23.273,31.599,22.549,28.471,23.307,25.816,23.298,28.356,22.396,27.325,22.723,27.592,23.662,31.152,23.64,26.549,23.942,27.296,21.658,31.347,23.885,29.176,23.427,29.176,23.427,26.411,21.949,27.123,22.618,29.646,23.226,25.441,22.995,31.265,23.402,29.388,22.609,25.843,21.25,24.489,21.057,31.088,24.048,25.923,23.526,24.663,21.114,29.226,24.115,31.19,23.674,29.372,24.477,32.222,23.908,26.605,21.905,27.859,23.854,28.579,22.918,30.204,23.808,29.22,23.7,28.38,22.504,30.303,24.172,26.065,20.897,23.871,21.579,26.018,24.429,31.785,24.96,26.185,21.782,28.291,22.46,26.286,23.038,32.419,23.372,30.391,22.748,27.385,23.23,23.994,20.99,30.193,23.696,25.035,20.857,29.892,23.595,27.714,21.782
"Apr 23, 2022",31.091,25.63,33.01,25.01,30.964,23.285,26.657,23.501,30.161,25.097,29.102,25.386,28.225,24.26,28.164,24.401,28.982,24.81,31.495,22.104,31.441,23.696,28.975,24.218,28.853,24.812,29.105,25.078,30.692,23.846,33.266,25.461,29.753,24.587,29.018,23.519,32.322,25.615,30.342,25.832,30.342,25.832,29.651,24.334,28.045,24.611,31.797,25.849,29.27,25.559,32.385,25.336,29.748,23.085,27.81,24.504,27.401,24.088,34.749,25.524,28.744,24.648,28.541,24.191,30.724,25.362,32.86,25.683,30.09,25.523,34.287,25.298,28.794,24.149,29.979,25.318,28.588,24.336,33.104,25.727,30.732,25.175,29.261,25.508,33.413,25.363,25.956,23.005,28.85,22.788,29.88,24.408,33.062,25.78,29.768,22.6,30.645,23.367,29.216,25.383,33.441,25.805,30.255,23.274,29.888,24.619,27.661,25.039,28.948,24.972,25.962,22.931,29.769,24.996,30.075,22.764
"May 1, 2022",31.646,23.73,30.169,21.7,31.621,23.7,30.346,23.988,30.545,24.073,30.566,24.004,26.92,22.143,30.088,22.953,30.554,24.309,32.006,22.64,32.248,24.102,29.651,25.098,28.648,21.966,31.338,23.964,30.054,22.361,30.971,22.338,30.471,24.266,26.289,22.027,29.3,23.7,31.456,23.268,31.456,23.268,32.145,23.21,29.129,21.413,30.226,23.77,30.962,24.231,30.481,21.958,31.778,22.589,30.167,23.351,28.375,22.345,30.467,21.818,29.322,24.609,29.763,22.56,30.368,23.656,30.288,23.92,29.638,23.416,29.977,22.889,31.92,22.951,30.747,24.126,30.002,22.358,31.096,23.616,31.583,23.732,31.029,23.083,30.269,22.36,29.029,23.264,27.411,22.13,30.804,24.342,29.934,23.115,29.797,22.759,31.467,24.548,31.304,24.136,29.355,23.307,31.078,22.897,30.263,24.293,29.222,21.797,29.117,22.263,29.023,24.059,30.482,22.369,26.178,23.027
"May 9, 2022",,22.019,30.221,21.187,27.647,23.047,,,24.489,24.016,26.81,23.256,29.148,22.416,27.287,21.844,24.198,23.806,26.987,20.437,26.542,23.385,24.999,23.335,26.775,22.606,25.414,21.67,30.757,24.421,,,25.82,22.892,28.799,23.39,23.485,21.893,23.754,21.835,23.754,21.835,26.855,20.747,27.168,21.55,25.834,21.669,24.467,23.447,,,28.066,22.441,25.064,20.311,28.648,22.082,27.079,23.682,21.647,23.257,29.579,23.418,22.876,22.207,25.642,22.273,24.059,22.027,26.859,,,20.652,26.362,22.171,27.983,20.747,24.943,21.912,,22.26,26.712,21.794,26.778,22.995,25.458,,29.232,24.066,25.51,23.618,26.157,22.613,30.094,23.78,26.155,23.191,23.735,23.229,23.274,22.573,26.242,22.584,26.052,24.347,23.91,23.573,25.466,23.45,19.763,,27.225,23.242,29.78,23.659
"May 17, 2022",32.586,24.029,28.857,23.934,27.151,25.021,30.343,23.939,30.94,24.877,29.482,25.838,28.346,24.167,30.281,23.688,30.553,25.149,28.144,23.133,30.11,24.373,29.693,25.232,30.187,23.541,30.416,24.532,29.853,23.941,33.323,25.493,30.138,25.359,29.315,24.025,28.289,25.286,31.209,23.2,31.209,23.2,31.628,24.006,24.846,22.398,32.421,25.434,30.345,26.2,32.716,25.411,26.29,22.604,28.516,23.623,28.471,23.303,29.875,24.455,30.084,25.121,28.831,23.115,28.826,24.771,29.68,26.073,29.246,23.604,32.867,24.425,31.163,23.1,29.285,25.113,30.217,23.152,32.5,24.884,29.918,25.526,29.584,23.274,29.222,24.112,30.896,23.903,28.908,22.46,29.929,24.894,27.321,24.15,29.539,18.389,30.067,25.109,30.841,25.32,27.228,25.296,26.686,23.22,30.942,25.172,31.771,23.281,25.346,23.132,29.088,23.906,29.617,23.802,28.505,18.328
"May 25, 2022",28.99,23.211,29.691,24.946,27.188,24.523,27.048,25.009,28.03,24.991,26.302,24.118,29.274,25.073,29.301,24.055,27.295,24.599,25.565,23.015,25.385,25.661,27.105,24.887,29.785,24.41,29.592,23.278,30.457,24.234,31.017,24.425,28.33,23.485,30.013,25.137,27.604,22.279,30.641,23.309,30.641,23.309,26.284,24.682,28.961,23.797,27.655,,27.826,24.831,24.587,22.234,28.749,22.664,26.96,24.639,27.438,25.045,29.379,23.77,24.056,24.042,28.68,25.364,27.729,22.815,28.327,,27.518,22.944,29.296,24.158,26.483,23.059,27.63,23.235,30.819,24.984,28.452,,28.103,23.075,29.823,22.676,29.13,24.862,27.406,24.757,29.644,25.647,28.647,24.626,28.293,23.928,30.356,25.147,25.008,25.129,27.411,25.046,28.118,23.243,27.537,23.028,28.81,25.246,28.95,23.914,28.989,23.494,25.803,25.565,29.489,23.465,30.322,24.684
"Jun 2, 2022",,24.99,28.891,21.46,23.554,24.331,,21.967,28.015,24.567,23.977,24.837,,24.331,,21.793,26.792,24.21,26.552,23.038,24.721,24.053,24.362,24.899,,20.629,,24.677,30.262,21.422,,24.116,,24.657,,24.72,27.176,24.369,,23.364,,23.364,,23.146,23.52,18.645,27.121,24.48,25.254,24.687,26.911,24.217,28.552,23.445,,22.002,17.504,21.991,25.761,23.435,,24.649,,23.647,25.965,24.343,27.809,24.398,,23.612,28.155,24.283,,,,24.654,27.626,21.014,29.134,24.495,,24.45,,23.337,,,,,,23.907,25.425,24.602,,21.685,26.53,24.07,23.697,24.458,22.094,24.387,,23.94,27.148,23.637,27.981,24.491,,21.851,,20.325,,20.03,23.347,19.292,,23.89
"Jun 10, 2022",,24.761,21.18,22.683,26.806,,26.598,22.091,,23.005,24.644,22.429,,23.108,,22.898,25.268,23.298,27.974,22.651,24.462,22.666,,24.261,,23.87,24.082,25.403,,23.915,28.442,23.667,28.102,25.274,,23.244,22.978,23.284,,24.892,,24.892,27.044,24.572,,22.606,,22.237,24.699,,28.71,23.192,,23.765,20.939,24.796,23.91,23.174,23.227,23.316,,,21.526,,21.833,23.484,23.41,24.189,,24.123,26.478,24.845,,24.106,,24.835,,23.024,23.41,23.51,,25.266,,25.082,,24.067,21.631,21.386,20.938,,,24.05,,24.609,,15.904,24.438,23.409,25.07,23.742,25.697,24.279,25.358,23.627,28.561,23.401,,21.694,,23.973,20.656,21.402,,24.032,,20.459
"Jun 18, 2022",,23.91,30.385,22.582,20.302,19.973,,21.092,23.46,19.838,24.84,22.973,20.381,16.57,28.652,23.666,22.386,19.726,24.904,16.069,19.496,20.137,22.037,21.457,,21.11,,22.116,30.056,24.438,,21.675,20.661,24.232,8.935,26.025,,23.198,,23.549,,23.549,20.676,21.702,7.89,20.983,,20.711,24.475,,,21.127,27.794,18.407,21.075,21.978,20.851,21.465,27.496,22.038,19.403,20.613,22.211,22.311,,21.964,,,,23.841,,,,20.128,,,,24.521,19.188,,22.842,23.333,,23.065,28.08,,22.211,22.183,20.629,23.044,20.19,21.067,26.524,,8.627,16.611,22.098,21.044,25.398,18.41,,,24.523,18.74,22.287,21.071,,20.76,,21.042,21.864,21.409,,22.594,,
"Jun 26, 2022",27.19,24.97,30.477,26.24,27.909,20.385,27.654,23.891,25.771,23.528,25.795,21.129,,23.788,28.992,,26.013,21.285,27.43,,20.055,18.844,14.231,21.475,27.048,,28.431,25.445,30.041,26.192,31.059,,29.324,,26.39,26.309,25.295,24.366,,,,,27.817,25.07,27.757,25.95,,,29.202,22.015,30.303,,29.404,21.013,25.864,22.592,26.357,24.656,27.422,25.468,29.449,20.21,12.431,23.905,27.508,,23.285,,25.383,25.49,31.296,25.36,28.547,23.839,27.882,,29.387,25.758,24.303,,28.009,,28.531,25.658,27.076,25.981,27.082,20.959,12.264,21.019,28.079,23.707,28.118,25.739,27.441,,,21.593,27.356,,25.423,24.724,27.816,19.847,26.803,23.7,,25.584,27.783,26.486,26.02,23.146,26.935,26.579,,26.039
"Jul 4, 2022",29.696,25.67,31.296,25.846,25.774,23.161,27.699,26.796,26.522,24.557,26.467,25.326,31.32,26.553,29.831,25.993,26.323,24.804,27.521,19.405,26.785,24.767,24.536,25.051,29.262,26.31,27.47,25.945,31.141,26.117,30.546,24.606,28.411,25.783,32.459,26.577,27.816,24.963,29.199,25.588,29.199,25.588,27.577,26.957,29.557,26.02,30.959,24.81,27.045,25.375,31.18,24.567,28.177,,26.072,26.057,28.814,26.822,30.267,24.769,23.793,25.226,31.397,26.696,27.616,25.595,29.399,24.717,27.339,25.286,31.362,24.776,28.413,26.381,27.503,26.109,31.29,25.92,29.71,25.244,29.365,25.953,27.262,25.334,30.274,25.815,27.932,26.825,32.161,26.833,23.902,25.226,29.584,25.408,32.165,26.906,27.711,25.184,25.917,25.074,28.193,24.642,26.641,19.576,28.122,24.85,30.239,25.625,28.662,26.24,27.693,27.358,29.488,26.157,32.429,26.58
"Jul 12, 2022",23.79,25.77,30.25,25.208,29.54,25.244,30.322,27.017,23.277,24.189,23.97,,32.981,25.911,29.166,26.691,23.637,23.384,28.103,23.6,24.973,23.002,22.911,19.493,31.26,26.56,24.77,,30.136,26.12,29.273,25.142,24.548,,33.709,27.265,27.426,25.065,26.89,,26.89,,25.112,,29.422,26.639,29.674,25.418,22.781,,30.207,25.239,26.995,,26.447,25.932,29.829,25.89,29.465,25.411,21.713,,29.368,25.536,25.637,26.35,26.492,24.9,26.511,25.201,29.206,25.265,28.503,,22.59,26.164,30.151,25.924,25.324,25.969,29.162,26.396,24.544,,31.168,25.713,29.431,25.16,30.11,26.254,23.946,21.649,29.746,25.609,31.909,26.521,24.586,21.523,24.764,,28.507,24.909,27.341,22.154,23.807,24.26,29.988,,28.398,26.244,29.416,,28.549,26.853,32.722,26.988
"Jul 20, 2022",,23.41,27.028,,29.755,24.458,25.74,23.102,27.954,20.614,24.301,21.051,,22.725,25.041,21.281,28.165,20.627,28.403,22.544,29.032,21.979,21.757,23.99,,,29.56,23.183,24.192,25.095,,,29.398,22.64,,,28.199,22.45,24.498,22.709,24.498,22.709,25.359,15.118,,,,21.393,,17.98,,,28.713,21.963,21.331,19.067,25.674,23.857,,,29.685,24.653,20.105,24.084,23.665,19.887,27.331,,27.473,23.816,,,25.334,20.727,,20.655,25.932,,28.498,21.453,,22.589,24.866,21.358,,,25.368,19.803,30.484,24.381,28.45,,25.157,,31.617,,29.118,22.832,30.065,19.874,,,27.658,23.164,26.815,,,,23.59,,24.499,19.502,22.926,23.595,32.002,
"Jul 28, 2022",25.51,25.81,,25.717,30.446,22.918,27.259,24.56,26.681,23.636,27.596,,,25.927,30.665,22.695,26.338,,27.588,22.038,27.92,25.02,25.764,23.288,,26.223,,21.226,,26.063,,25.31,,25.617,,26.459,,25.594,30.953,25.914,30.953,25.914,25.773,25.932,,25.697,,25.327,28.332,,,24.957,31.449,,26.166,22.158,,25.684,,24.846,27.71,,,25.848,,24.281,,25.804,26.75,25.253,,25.51,,25.4,32.37,25.822,,26.624,,26.065,,,,20.25,,25.52,25.584,25.966,,26.185,27.797,24.023,,25.383,,25.833,27.392,23.361,22.147,,,25.634,28.993,22.118,26.473,24.898,,26.243,,25.271,25.487,26.514,,25.47,,26.029
"Aug 5, 2022",29.22,25.07,26.614,25.784,26.782,22.167,25.297,23.746,26.111,,27.823,,26.245,26.375,28.554,25.087,28.51,19.283,27.515,17.602,22.715,18.744,25.117,,27.308,25.661,26.714,,26.586,25.38,26.363,,29.783,,27.015,26.107,27.424,,26.138,24.931,26.138,24.931,26.548,24.801,27.735,25.225,23.707,,25.388,,25.28,,28.07,19.914,25.808,,26.613,26.627,25.633,22.686,26.728,,26.209,26.649,28.079,,29.737,,27.159,24.729,24.642,,25.791,22.252,27.007,,29.185,25.589,26.016,,28.296,24.822,25.402,25.823,26.958,25.1,25.009,26.036,26.37,26.678,28.424,22.163,27.645,24.881,,26.955,24.586,,28.183,19.91,26.47,24.065,26.534,20.781,25.426,,29.226,25.182,27.199,25.129,26.079,25.705,26.233,24.995,27.271,26.117
"Aug 13, 2022",29.27,25.63,29.721,25.088,28.448,25.303,29.351,26.506,23.551,25.187,24.563,26.163,29.889,26.323,29.571,26.293,27.229,25.243,25.044,23.546,28.629,24.988,28.852,25.637,27.491,25.811,26.639,25.695,30.608,26.716,32.048,24.411,22.471,25.465,31.044,26.259,24.52,24.95,,25.545,,25.545,28.619,25.858,28.81,26.059,,25.21,28.066,25.754,22.102,24.972,27.829,24.183,24.404,26.782,30.505,26.677,30.362,24.882,28.453,25.596,29.475,26.356,28.855,25.895,28.927,24.919,21.755,25.271,29.802,24.083,28.574,25.495,27.333,25.778,30.178,25.915,26.177,25.432,27.858,25.774,27.005,25.595,28.095,25.246,27.092,26.535,30.823,26.188,29.335,25.555,27.643,25.542,30.49,25.995,29.101,25.617,28.641,25.456,23.927,25.02,26.634,24.367,27.553,25.147,29.589,26.171,24.798,25.796,28.011,27.228,28.765,25.913,30.79,25.759
"Aug 21, 2022",22.725,24.423,28.902,,28.861,24.627,,24.841,27.161,24.314,24.266,24.948,29.258,25.921,29.23,24.266,23.687,24.165,28.11,23.159,23.86,24.116,23.007,25.06,29.273,,26.204,23.974,26.835,23.354,,25.266,26.781,24.556,29.056,25.684,25.407,24.096,27.275,24.229,27.275,24.229,26.577,22.37,29.628,,29.474,24.318,22.555,24.321,28.324,24.175,27.1,23.239,25.264,23.321,27.249,23.813,27.976,24.382,24.011,24.841,27.519,25.862,27.51,24.372,18.389,23.382,25.138,24.309,,24.452,26.707,23.631,22.925,24.061,28.849,24.134,30.793,24.395,25.183,24.141,26.036,24.155,29.055,24.228,25.002,25.68,29.025,25.614,25.382,25.057,27.503,24.21,28.979,24.934,22.843,24.931,22.755,24.223,26.156,24.244,26.821,23.343,24.182,23.733,29.611,23.47,28.787,24.126,25.307,25.9,28.324,23.87,29.483,24.552
"Aug 29, 2022",29.05,26.418,28.956,,25.682,,,26.161,23.847,25.298,26.53,,,22.181,,25.609,,25.253,25.769,21.174,,26.505,18.929,25.551,21.758,21.681,26.569,26.135,28.712,,29.525,26.007,24.437,26.302,,,27.423,26.198,29.247,25.578,29.247,25.578,,,,22.328,31.123,26.525,,,33.61,26.099,26.46,24.755,21.523,,21.97,24.431,29.819,26.677,,,24.73,21.261,22.71,25.999,31.537,26.592,29.777,24.694,28.242,26.385,,26.363,22.513,26.138,28.516,,29.769,27.424,28.02,25.602,27.529,26.087,29.149,,,26.33,23.79,18.668,11.95,25.104,27.948,26.536,,,28.152,26.378,27.043,26.575,29.529,26.074,24.113,19.525,25.339,25.375,,21.39,27.099,25.129,,,29.252,24.297,19.81,
"Sep 6, 2022",29.923,,29.624,25.499,26.903,,28.626,,26.508,,27.896,,-5.906,,29.808,27.351,27,,26.727,,28.633,,23.583,,27.738,26.907,29.051,,30.362,26.045,28.152,,28.872,,28.617,26.847,27.975,,29.983,,29.983,,,,20.186,26.913,26.01,,28.616,,26.558,,28.067,,,,24.524,15.726,24.482,25.08,26.881,,-3.889,,27.748,,,,30.024,,26.832,24.952,31.686,,27.935,,28.452,26.129,27.568,,28.168,,29.549,,29.419,26.26,,,-10.916,6.51,26.856,,28.965,26.421,29.125,25.613,23.869,,26.902,,27.679,,27.213,,25.843,,,26.985,29.487,26.338,,,29.474,26.871,31.064,26.99
"Sep 14, 2022",28.341,25.13,27.183,25.045,27.269,24.623,27.831,26.649,25.423,25.519,22.333,25.294,21.052,24.433,27.742,25.624,26.358,25.047,26.643,19.504,24.113,25.514,22.806,25.143,25.153,25.75,28.738,,27.044,25.185,27.687,25.447,27.398,25.09,25.262,25.4,26.862,25.168,29.392,25.215,29.392,25.215,28.922,27.206,26.719,25.847,25.762,25.902,23.704,25.37,26.958,25.376,26.819,20.709,27.9,27.333,25.57,22.381,25.064,25.264,24.343,24.906,25.528,24.805,26.837,24.593,26.994,24.854,27.483,24.998,,23.555,25.065,26.076,26.523,24.716,22.861,25.141,27.031,25.685,27.635,25.342,29.482,,26.91,25.914,26.072,27.137,26.444,25.462,23.741,24.702,27.514,25.855,26.661,25.827,22.565,25.6,26.484,25.517,27.07,24.875,25.447,22.439,23.783,25.694,26.756,25.455,25.874,25.163,26.272,27.493,28.217,25.344,25.33,25.829
"Sep 22, 2022",27.585,25.97,22.512,,29.215,23.377,30.004,25.946,28.166,24.934,28.539,22.655,27.136,23.841,26.938,26.163,27.499,23.241,27.794,21.219,29.24,24.66,28.481,25.295,23.621,23.346,29.65,24.63,,,27.788,25.084,29.296,24.063,26.807,19.044,28.001,22.668,26.101,25.733,26.101,25.733,29.094,24.528,25.154,22.472,28.505,,29.351,25.057,27.539,,28.134,23.057,25.948,25.968,26.271,22.369,26.294,,28.727,23.214,26.487,22.902,28.678,22.971,27.402,,24.181,,23.673,,29.667,24.418,27.831,23.814,27.312,,27.777,,28.002,24.711,28.473,24.946,25.4,,28.026,25.921,26.943,22.929,29.028,24.201,26.46,,25.851,22.669,28.694,25.128,28.677,22.382,24.263,22.762,27.316,22.503,28.379,25.252,27.227,22.532,21.008,21.298,28.034,25.197,20.196,25.848,27.629,21.539
"Sep 30, 2022",28.975,26.05,25.883,26.108,29.123,25.31,28.089,26.012,24.619,25.764,25.955,25.467,21.853,25.545,27.768,25.687,24.922,25.327,27.97,21.534,26.774,25.564,26.495,24.474,25.284,25.379,27.703,26.841,25.753,25.815,28.23,25.856,28.96,26.725,27.032,25.376,27.635,26.188,28.415,25.894,28.415,25.894,27.768,26.052,26.491,25.235,24.688,25.862,26.432,25.235,26.329,25.792,28.24,24.282,28.231,26.858,25.182,24.8,25.417,25.889,27.084,25.68,21.355,25.441,27.19,25.716,27.265,25.976,27.114,25.917,26.3,25.671,28.624,25.392,27.744,26.325,26.607,25.854,26.378,27.082,28.671,26.296,29.093,26.126,25.05,26.467,27.049,26.362,15.693,25.147,27.959,26.243,25.277,26.724,27.525,24.967,26.513,25.591,25.062,25.79,22.827,26.205,26.976,24.356,23.58,25.736,27.502,25.519,23.6,25.897,25.571,26.744,27.731,25.682,23.242,25.136
"Oct 8, 2022",28.786,,29.595,24.531,25.224,21.792,27.009,,27.352,25.947,25.636,23.431,27.666,,28.88,23.363,26.249,25.16,26.58,23.31,27.305,22.879,25.478,23.658,28.311,,26.062,23.833,29.953,25.583,30.305,,27.866,23.861,28.063,,29.193,,28.903,23.85,28.903,23.85,26.82,23.872,28.752,,28.906,,27.704,,29.847,,26.479,,27.117,24.049,27.105,,29.637,25.52,24.362,23.878,27.743,,23.104,,29.655,,28.784,,30.274,,26.531,,27.652,,29.088,25.456,29.436,25.974,30.048,,,,29.214,25.907,27.467,22.8,24.853,,25.26,23.319,29.3,25.68,18.888,,26.345,25.83,23.232,25.276,28.609,,27.056,,28.008,24.396,28.663,,28.263,22.7,27.968,22.592,28.875,22.561,28.256,
"Oct 16, 2022",,,,,,,,,,,,,,,,,,,,,,,,,,,,,,,,,,,,,,,,,,,,,,,,,,,,,,,,,,,,,,,,,,,,,,,,,,,,,,,,,,,,,,,,,,,,,,,,,,,,,,,,,,,,,,,,,,,,
"Oct 24, 2022",27.61,22.55,27.988,21.774,28.09,22.523,27.824,22.784,26.398,22.853,25.743,22.848,27.506,21.369,27.621,22.17,26.197,22.529,26.832,21.591,25.529,23.35,26.296,23.482,27.73,20.777,27.107,23.744,28.036,21.115,28.935,20.875,27.22,23.32,28.234,20.897,26.264,22.708,27.454,22.174,27.454,22.174,27.379,23.173,27.777,21.369,27.668,21.851,25.513,22.67,27.527,20.936,27.071,21.58,26.57,23.883,25.928,21.963,27.768,21.296,26.676,23.338,26.621,21.27,25.993,22.434,27.258,21.543,27.008,22.439,29.321,20.575,27.559,22.588,25.88,22.732,28.081,20.781,26.918,23.251,26.302,23.096,26.482,22.781,28.381,21.981,26.957,23.393,27.782,21.166,27.603,23.057,27.901,22.463,28.288,20.603,25.828,23.285,25.481,22.737,27.205,21.766,26.621,22.335,27.221,23.233,27.568,21.369,27.458,21.86,26.566,23.75,27.698,21.839,28.199,20.761
"Nov 1, 2022",29.091,21.42,28.389,21.438,28.681,23.085,28.908,23.561,27.129,22.529,27.232,22.348,28.663,21.077,27.88,22.278,27.046,21.992,27.943,22.409,27.095,21.426,26.96,22.65,28.083,21.233,28.612,23.284,28.52,21.307,29.649,19.385,28.456,23.225,28.812,20.905,28.15,21.302,28.188,22.204,28.188,22.204,28.743,23.658,28.514,21.766,28.318,20.664,27.26,21.063,28.487,19.553,27.76,22.158,28.281,23.564,27.95,21.479,27.874,20.045,26.884,22.927,28.974,20.58,28.245,22.265,28.595,20.536,28.273,20.866,29.078,19.106,28.509,23.235,28.182,22.404,28.434,21.067,28.293,22.781,29.329,22.571,28.378,22.575,28.34,21.598,28.187,23.134,28.812,20.281,27.428,23.026,27.79,21.677,28.434,19.999,27.254,21.809,27.228,21.322,27.773,21.348,27.349,23.089,27.498,22.43,28.589,22.007,28.039,21.274,28.066,24.579,28.17,21.819,29.196,19.971
"Nov 9, 2022",28.409,20.3,27.732,19.021,28.143,19.811,26.9,20.073,26.473,20.945,26.475,20.78,26.838,18.614,26.973,19.986,26.022,20.562,26.735,19.85,26.34,19.739,26.403,21.207,27.223,18.602,28.046,20.699,26.829,18.168,28.453,18.66,27.848,20.478,26.286,17.84,27.821,19.789,27.657,20.42,27.657,20.42,27.66,20.564,27.438,19.485,27.691,19.258,25.937,19.74,27.951,18.445,26.249,18.81,27.617,21.286,26.777,19.843,27.594,18.95,26.39,20.961,27.266,18.973,27.69,20.376,28.326,18.813,28.07,19.974,28.424,18.36,27.266,19.789,27.751,20.86,27.175,18.194,27.681,20.944,28.93,20.803,27.785,20.375,27.637,19.224,26.797,20.591,26.23,18.369,27.23,20.556,28.03,19.89,26.645,18.217,26.552,20.248,25.876,19.827,28.035,19.7,25.898,20.015,26.933,21.047,26.833,19.55,27.842,19.723,26.239,21.941,27.702,20.005,26.831,17.474
